10 3 99.9 28 77 93 93 93 93 86.7 0 0 26 44 84 92 6277.89 99.9 43 79 93 93 93 93 80.0 0 0 4 32 83 90 9261.72
10 5 99.9 4 15 51 66 88 93 80.0 0 0 1 1 20 41 3772.96 99.9 56 86 93 93 93 93 73.3 0 0 0 2 22 42 5683.66
10 7 93.3 0 1 1 2 11 36 53.3 0 0 0 0 0 1 2223.93 99.9 40 81 93 93 93 93 66.7 0 0 0 0 4 15 4610.69
20 3 99.9 24 72 93 93 93 93 87.5 0 0 12 32 76 92 7734.02 99.9 31 78 93 93 93 93 80.0 0 0 2 15 61 81 10142.04
20 5 93.3 0 7 28 46 81 93 73.3 0 0 0 1 6 28 4390.40 99.9 42 86 93 93 93 93 66.7 0 0 0 0 3 9 5342.69
20 7 93.3 0 1 5 10 46 86 60.0 0 0 0 0 1 2 2948.84 99.9 34 75 93 93 93 93 66.7 0 0 0 0 2 7 4677.39
30 3 99.9 31 76 93 93 93 93 81.2 0 0 4 7 69 93 7286.51 99.9 32 83 93 93 93 93 73.3 0 0 0 2 34 67 10125.74
30 5 99.9 24 60 92 93 93 93 80.0 0 0 1 1 24 83 5802.41 99.9 30 76 93 93 93 93 66.7 0 0 0 0 12 26 6920.76
30 7 93.3 0 2 38 68 90 93 60.0 0 0 0 0 1 13 4126.36 99.9 26 70 93 93 93 93 50.0 0 0 0 0 0 2 4630.62
40 3 99.9 27 72 93 93 93 93 81.2 0 0 9 21 67 93 7997.96 99.9 42 79 93 93 93 93 73.3 0 0 0 1 20 53 9723.80
40 5 99.9 13 52 92 93 93 93 80.0 0 0 1 2 12 80 5913.18 99.9 35 76 93 93 93 93 56.2 0 0 0 0 0 2 5900.23
40 7 99.9 2 19 73 90 92 93 66.7 0 0 0 0 1 26 4550.50 99.9 19 63 92 92 93 93 46.7 0 0 0 0 0 0 4825.92
50 3 99.9 32 79 93 93 93 93 87.5 0 0 9 13 59 93 8277.69 99.9 32 81 93 93 93 93 73.3 0 0 0 1 10 42 8565.34
50 5 99.9 18 56 91 91 92 92 75.0 0 0 0 1 27 81 6042.44 99.9 31 76 92 92 92 92 68.8 0 0 0 0 2 14 6526.80
50 7 99.9 5 21 90 91 92 92 68.8 0 0 0 0 13 66 4924.93 99.9 33 74 92 92 92 92 53.3 0 0 0 0 0 1 4797.47
60 3 99.9 34 75 92 92 92 93 86.7 0 0 4 13 66 92 8204.70 99.9 33 72 93 93 93 93 68.8 0 0 0 0 14 52 8960.27
60 5 99.9 10 49 92 92 92 92 81.2 0 0 2 4 34 89 6086.20 99.9 26 74 91 91 91 91 86.7 0 0 1 1 4 17 6478.77
60 7 99.9 7 36 90 91 92 92 68.8 0 0 0 0 8 62 5012.72 99.9 28 67 92 92 92 92 60.0 0 0 0 0 1 1 4795.98
70 3 99.9 30 76 93 93 93 93 86.7 0 0 3 12 67 93 8425.63 99.9 36 77 91 91 92 92 75.0 0 0 0 1 8 39 8859.67
70 5 99.9 20 55 91 91 92 92 81.2 0 0 2 3 21 87 6154.13 99.9 28 81 92 92 92 92 75.0 0 0 0 2 5 14 6509.81
70 7 99.9 7 40 89 92 93 93 66.7 0 0 0 0 10 68 4937.43 99.9 15 68 92 92 92 92 50.0 0 0 0 0 0 1 4750.49
80 3 99.9 22 75 91 92 92 92 87.5 0 0 17 25 76 92 8434.20 99.9 30 82 92 92 92 92 87.5 0 0 3 9 44 74 10422.53
80 5 99.9 9 67 91 91 92 92 75.0 0 0 0 1 27 89 6363.82 99.9 38 84 92 92 92 92 68.8 0 0 0 0 5 23 6728.41
80 7 99.9 4 34 89 91 93 93 66.7 0 0 0 0 10 76 4975.47 99.9 21 64 92 92 92 92 53.3 0 0 0 0 0 1 4922.22
90 3 99.9 35 80 91 91 92 92 87.5 0 0 14 28 79 92 8529.40 99.9 44 82 92 92 92 92 75.0 0 0 0 1 12 42 8863.55
90 5 99.9 21 69 92 92 92 92 81.2 0 0 1 3 35 90 6341.38 99.9 31 84 92 92 92 92 68.8 0 0 0 0 1 11 6374.57
90 7 99.9 10 39 91 91 92 92 66.7 0 0 0 0 7 58 4936.50 99.9 29 73 93 93 93 93 53.3 0 0 0 0 0 1 4871.17
100 3 99.9 28 78 91 92 92 92 87.5 0 0 12 30 72 91 9086.16 99.9 39 78 91 91 92 92 75.0 0 0 0 2 12 50 8986.25
100 5 99.9 16 72 91 91 91 92 75.0 0 0 0 1 36 91 6365.70 99.9 24 79 92 92 92 92 56.2 0 0 0 0 0 4 6031.53
100 7 99.9 3 40 91 91 92 92 62.5 0 0 0 0 4 64 4960.76 99.9 24 71 92 92 92 92 60.0 0 0 0 0 1 2 4962.73
