110 3 99.9 31 80 90 91 92 92 87.5 0 0 6 15 73 91 8380.63 99.9 39 78 91 91 91 91 87.5 0 0 2 2 12 37 8929.54
110 5 99.9 16 68 92 92 92 92 87.5 0 0 3 8 35 90 6384.66 99.9 35 86 92 92 92 92 68.8 0 0 0 0 3 9 6084.55
110 7 99.9 7 30 85 91 92 92 68.8 0 0 0 0 7 52 4968.93 99.9 17 64 92 92 92 92 60.0 0 0 0 0 1 4 4843.55
120 3 99.9 36 76 91 91 91 91 93.8 0 1 9 18 70 90 8351.28 99.9 39 79 91 91 91 91 75.0 0 0 0 1 19 50 9474.77
120 5 99.9 20 71 92 92 92 92 75.0 0 0 0 2 42 92 6368.50 99.9 25 79 92 92 92 92 56.2 0 0 0 0 0 3 6040.62
120 7 99.9 5 29 90 91 92 92 75.0 0 0 0 1 5 58 5003.49 99.9 23 66 92 92 92 92 50.0 0 0 0 0 0 2 4895.30
130 3 99.9 41 79 90 91 91 91 81.2 0 0 6 20 69 90 8204.23 99.9 33 84 91 91 91 91 75.0 0 0 0 1 6 30 8521.06
130 5 99.9 16 70 92 92 92 92 75.0 0 0 0 1 30 91 6488.59 99.9 28 83 92 92 92 92 62.5 0 0 0 0 1 7 6167.80
130 7 99.9 4 30 89 91 91 92 62.5 0 0 0 0 6 55 4959.66 99.9 17 66 92 92 92 92 46.7 0 0 0 0 0 0 4860.03
140 3 99.9 34 77 90 91 91 91 93.8 0 2 20 41 75 90 9281.03 99.9 33 73 91 91 91 91 81.2 0 0 1 2 11 49 9025.79
140 5 99.9 17 73 90 91 92 92 81.2 0 0 1 2 29 89 6316.75 99.9 34 81 92 92 92 92 68.8 0 0 0 0 3 10 6165.84
140 7 99.9 8 45 88 88 89 89 66.7 0 0 0 0 8 65 4979.32 99.9 28 71 90 90 90 90 60.0 0 0 0 0 1 2 4864.81
150 3 99.9 34 79 90 91 91 91 87.5 0 0 16 38 68 90 9073.89 99.9 40 77 90 90 91 91 81.2 0 0 1 1 11 41 9390.82
150 5 99.9 22 73 91 92 92 92 87.5 0 0 2 5 46 91 6440.97 99.9 21 82 92 92 92 92 56.2 0 0 0 0 0 3 5971.22
150 7 99.9 9 29 90 91 91 92 66.7 0 0 0 0 6 71 4923.41 99.9 17 63 92 92 92 92 53.3 0 0 0 0 0 1 4887.27
160 3 99.9 26 74 90 90 91 91 99.9 1 2 19 44 70 90 8976.48 99.9 34 67 90 91 91 91 75.0 0 0 0 1 9 42 8855.52
160 5 99.9 14 70 91 91 92 92 81.2 0 0 1 2 37 91 6457.30 99.9 23 72 92 92 92 92 50.0 0 0 0 0 0 3 6219.33
160 7 99.9 5 38 91 91 92 92 80.0 0 0 1 1 14 78 4982.26 99.9 27 78 92 92 92 92 53.3 0 0 0 0 0 1 4931.21
170 3 99.9 41 82 90 91 91 91 93.8 0 1 22 44 79 91 9424.73 99.9 27 68 90 91 91 91 93.8 0 1 1 4 13 39 8820.57
170 5 99.9 23 75 92 92 92 92 93.8 0 1 3 6 42 92 6353.24 99.9 24 78 91 92 92 92 62.5 0 0 0 0 1 9 6333.19
170 7 99.9 12 32 89 92 92 92 68.8 0 0 0 0 9 73 5076.05 99.9 23 70 92 92 92 92 53.3 0 0 0 0 0 2 4804.32
180 3 99.9 34 73 90 91 91 91 93.8 0 1 20 37 74 90 9056.45 99.9 41 79 90 91 91 91 75.0 0 0 0 1 15 41 9550.60
180 5 99.9 10 74 91 92 92 92 81.2 0 0 1 1 28 91 6285.60 99.9 22 81 92 92 92 92 56.2 0 0 0 0 0 3 6207.49
180 7 99.9 4 22 89 91 92 92 68.8 0 0 0 0 18 71 4985.58 99.9 20 64 92 92 92 92 66.7 0 0 0 0 1 3 4823.53
190 3 99.9 37 79 91 91 91 91 88.2 0 0 18 38 70 91 8849.02 99.9 40 77 90 91 91 91 81.2 0 0 1 6 25 49 9688.45
190 5 99.9 17 70 92 92 92 92 87.5 0 0 1 6 42 90 6339.52 99.9 35 86 92 92 92 92 62.5 0 0 0 0 2 9 6015.18
190 7 99.9 7 39 90 91 91 92 68.8 0 0 0 0 8 65 4963.60 99.9 24 71 92 92 92 92 53.3 0 0 0 0 0 1 4855.92
200 3 99.9 25 71 90 90 91 91 93.8 0 2 11 23 64 90 8683.99 99.9 44 82 91 91 91 91 68.8 0 0 0 0 9 41 8975.06
200 5 99.9 14 64 91 92 92 92 81.2 0 0 1 2 26 90 6326.71 99.9 32 81 92 92 92 92 62.5 0 0 0 0 1 11 6204.87
200 7 99.9 6 31 90 91 91 92 73.3 0 0 0 1 3 45 4956.66 99.9 23 55 92 92 92 92 62.5 0 0 0 0 1 1 4836.57
