12800_con 99.9 26 64 99.9 4 18 99.9 1 3 15114.07
6400_con 99.9 32 73 99.9 1 8 93.3 0 1 15420.83
3200_con 99.9 36 77 93.3 0 2 80.0 0 0 14187.17
1600_con 99.9 28 71 93.3 0 2 66.7 0 0 14227.06
800_con 99.9 14 52 80.0 0 0 66.7 0 0 14114.41
400_con 99.9 7 55 93.3 0 1 80.0 0 0 13545.87
200_con 99.9 2 18 80.0 0 0 60.0 0 0 11929.52
100_con 93.3 0 6 73.3 0 0 60.0 0 0 10812.94
75_con 93.3 0 4 73.3 0 0 60.0 0 0 10131.38
50_con 93.3 0 1 73.3 0 0 53.3 0 0 9403.55
40_con 93.3 0 4 80.0 0 0 60.0 0 0 8776.81
30_con 86.7 0 0 73.3 0 0 53.3 0 0 8519.74
20_con 73.3 0 0 53.3 0 0 46.7 0 0 6703.92
10_con 93.3 0 1 73.3 0 0 53.3 0 0 5641.49