12800_con 99.9 26 72 93.3 0 1 93.3 0 2 15556.36
6400_con 99.9 28 78 99.9 1 1 93.3 0 2 15725.85
3200_con 99.9 31 74 73.3 0 0 86.7 0 0 14466.23
1600_con 99.9 27 69 73.3 0 0 73.3 0 0 14307.42
800_con 99.9 21 67 73.3 0 0 73.3 0 0 13564.35
400_con 99.9 18 61 66.7 0 0 66.7 0 0 13094.44
200_con 99.9 14 61 60.0 0 0 60.0 0 0 12415.78
100_con 99.9 10 59 66.7 0 0 60.0 0 0 11624.17
75_con 99.9 16 63 60.0 0 0 60.0 0 0 11347.39
50_con 99.9 11 60 60.0 0 0 66.7 0 0 10521.33
40_con 99.9 16 63 60.0 0 0 60.0 0 0 9910.71
30_con 99.9 14 62 53.3 0 0 53.3 0 0 9445.34
20_con 99.9 8 68 60.0 0 0 60.0 0 0 8235.41
10_con 99.9 13 54 60.0 0 0 60.0 0 0 6290.71