12800_con 99.9 27 71 99.9 11 36 99.9 5 11 16902.18
6400_con 99.9 34 80 99.9 9 31 99.9 1 6 17292.14
3200_con 99.9 18 70 99.9 3 13 86.7 0 0 16765.97
1600_con 99.9 30 78 99.9 2 8 93.3 0 1 15473.24
800_con 99.9 26 69 99.9 1 3 80.0 0 0 15380.30
400_con 99.9 33 79 86.7 0 0 73.3 0 0 14391.81
200_con 99.9 7 59 93.3 0 2 73.3 0 0 14279.67
100_con 99.9 11 54 86.7 0 0 73.3 0 0 13518.62
75_con 99.9 8 47 80.0 0 0 75.0 0 0 12935.92
50_con 99.9 3 41 80.0 0 0 66.7 0 0 12131.80
40_con 99.9 3 39 86.7 0 0 66.7 0 0 11557.21
30_con 99.9 4 38 80.0 0 0 73.3 0 0 10982.59
20_con 93.3 0 28 80.0 0 0 60.0 0 0 10092.06
10_con 93.3 0 14 73.3 0 0 60.0 0 0 8847.44