12800_con 99.9 30 66 99.9 7 17 99.9 9 25 99.9 7 21 99.9 3 5 11966.15
6400_con 99.9 29 65 99.9 8 15 99.9 2 16 99.9 6 13 93.8 0 2 11589.91
3200_con 99.9 31 66 99.9 4 14 99.9 6 17 99.9 6 16 93.3 0 2 12538.02
1600_con 99.9 28 67 99.9 1 1 99.9 4 12 99.9 3 10 93.3 0 1 11531.30
800_con 99.9 22 67 93.3 0 2 93.3 0 1 99.9 1 3 86.7 0 0 11174.97
400_con 99.9 12 59 81.2 0 0 87.5 0 0 99.9 1 2 80.0 0 0 11018.37
200_con 99.9 14 59 87.5 0 0 93.3 0 1 93.3 0 1 73.3 0 0 10831.97
100_con 99.9 13 54 86.7 0 0 86.7 0 0 86.7 0 0 68.8 0 0 11187.57
75_con 99.9 8 42 80.0 0 0 80.0 0 0 80.0 0 0 60.0 0 0 10984.97
50_con 99.9 1 40 73.3 0 0 73.3 0 0 86.7 0 0 60.0 0 0 10691.39
40_con 99.9 25 66 80.0 0 0 86.7 0 0 80.0 0 0 60.0 0 0 11024.23
30_con 99.9 2 40 80.0 0 0 80.0 0 0 80.0 0 0 60.0 0 0 10286.71
20_con 99.9 4 36 80.0 0 0 73.3 0 0 73.3 0 0 60.0 0 0 9866.65
10_con 99.9 3 31 73.3 0 0 66.7 0 0 73.3 0 0 60.0 0 0 8688.87