12800_con 99.9 22 62 99.9 15 37 99.9 8 16 15980.27
6400_con 99.9 34 80 99.9 18 32 99.9 5 15 18555.28
3200_con 99.9 28 70 99.9 9 24 99.9 2 9 16967.42
1600_con 99.9 34 74 99.9 2 16 93.3 0 5 15786.94
800_con 99.9 26 73 99.9 1 13 93.3 0 1 15972.21
400_con 99.9 30 79 99.9 2 19 80.0 0 0 17545.57
200_con 99.9 22 81 93.3 0 1 66.7 0 0 14558.96
100_con 99.9 27 72 99.9 1 4 73.3 0 0 14359.02
75_con 99.9 23 64 93.3 0 1 80.0 0 0 14236.22
50_con 99.9 9 53 87.5 0 0 66.7 0 0 13649.42
40_con 99.9 25 68 99.9 1 3 73.3 0 0 13760.58
30_con 99.9 23 67 93.3 0 1 66.7 0 0 12841.13
20_con 99.9 7 56 87.5 0 0 68.8 0 0 12253.32
10_con 99.9 12 53 73.3 0 0 60.0 0 0 10602.13