12800_con 99.9 38 79 93.3 0 4 99.9 1 4 15603.81
6400_con 99.9 31 77 87.5 0 0 93.3 0 1 15921.31
3200_con 99.9 20 71 93.3 0 1 93.3 0 1 15678.08
1600_con 99.9 31 83 80.0 0 0 86.7 0 0 15651.96
800_con 99.9 31 81 80.0 0 0 80.0 0 0 14996.00
400_con 99.9 34 77 66.7 0 0 73.3 0 0 14111.74
200_con 99.9 23 74 62.5 0 0 68.8 0 0 13463.36
100_con 99.9 11 65 80.0 0 0 66.7 0 0 13118.85
75_con 99.9 13 65 60.0 0 0 66.7 0 0 12690.00
50_con 99.9 11 70 66.7 0 0 73.3 0 0 12544.43
40_con 99.9 23 69 60.0 0 0 60.0 0 0 12265.10
30_con 99.9 18 68 60.0 0 0 60.0 0 0 11727.04
20_con 99.9 21 76 73.3 0 0 60.0 0 0 11438.91
10_con 99.9 20 74 66.7 0 0 66.7 0 0 10009.95