12800_con 99.9 21 67 93.3 0 1 80.0 0 0 80.0 0 0 86.7 0 0 10143.07
6400_con 99.9 27 75 80.0 0 0 86.7 0 0 80.0 0 0 80.0 0 0 10234.29
3200_con 99.9 26 63 93.3 0 1 99.9 1 1 93.3 0 1 93.3 0 1 9631.37
1600_con 99.9 19 68 68.8 0 0 80.0 0 0 73.3 0 0 68.8 0 0 9577.47
800_con 99.9 32 75 53.3 0 0 53.3 0 0 60.0 0 0 60.0 0 0 9235.27
400_con 99.9 13 71 60.0 0 0 60.0 0 0 53.3 0 0 60.0 0 0 9406.79
200_con 99.9 14 62 60.0 0 0 60.0 0 0 53.3 0 0 53.3 0 0 9392.42
100_con 99.9 3 46 60.0 0 0 56.2 0 0 53.3 0 0 60.0 0 0 9697.21
75_con 99.9 8 45 53.3 0 0 53.3 0 0 53.3 0 0 53.3 0 0 9491.10
50_con 99.9 12 64 66.7 0 0 60.0 0 0 60.0 0 0 60.0 0 0 9416.63
40_con 99.9 10 48 66.7 0 0 60.0 0 0 53.3 0 0 53.3 0 0 9360.43
30_con 99.9 5 48 53.3 0 0 50.0 0 0 53.3 0 0 66.7 0 0 9073.11
20_con 99.9 6 59 53.3 0 0 53.3 0 0 53.3 0 0 53.3 0 0 8580.73
10_con 99.9 13 58 53.3 0 0 53.3 0 0 50.0 0 0 53.3 0 0 7876.45