12800_con 99.9 21 70 99.9 10 21 99.9 4 16 99.9 10 25 99.9 2 9 12080.14
6400_con 99.9 20 62 99.9 4 6 99.9 3 8 99.9 3 7 99.9 1 1 12291.30
3200_con 99.9 20 70 99.9 1 3 93.3 0 4 99.9 1 7 80.0 0 0 11434.98
1600_con 99.9 15 68 80.0 0 0 86.7 0 0 93.3 0 2 86.7 0 0 11206.43
800_con 99.9 13 59 80.0 0 0 86.7 0 0 86.7 0 0 73.3 0 0 11208.78
400_con 99.9 16 61 80.0 0 0 73.3 0 0 80.0 0 0 62.5 0 0 11315.56
200_con 99.9 28 61 80.0 0 0 86.7 0 0 86.7 0 0 60.0 0 0 11363.58
100_con 99.9 5 42 80.0 0 0 80.0 0 0 80.0 0 0 66.7 0 0 10722.55
75_con 99.9 2 32 80.0 0 0 86.7 0 0 73.3 0 0 60.0 0 0 9995.30
50_con 99.9 5 49 73.3 0 0 80.0 0 0 73.3 0 0 60.0 0 0 9329.45
40_con 93.3 0 22 73.3 0 0 73.3 0 0 73.3 0 0 53.3 0 0 9182.78
30_con 99.9 2 29 73.3 0 0 73.3 0 0 66.7 0 0 60.0 0 0 8464.44
20_con 93.3 0 18 73.3 0 0 73.3 0 0 66.7 0 0 60.0 0 0 7780.38
10_con 93.3 0 1 66.7 0 0 60.0 0 0 60.0 0 0 46.7 0 0 5685.88