12800_con 99.9 44 79 93.3 0 7 99.9 1 6 14896.83
6400_con 99.9 44 82 99.9 1 2 93.3 0 1 15351.71
3200_con 99.9 29 77 93.3 0 4 99.9 1 9 18250.94
1600_con 99.9 30 75 86.7 0 0 86.7 0 0 14367.10
800_con 99.9 31 75 86.7 0 0 80.0 0 0 15048.51
400_con 99.9 33 77 80.0 0 0 75.0 0 0 13810.67
200_con 99.9 28 75 81.2 0 0 86.7 0 0 15641.60
100_con 99.9 20 75 60.0 0 0 60.0 0 0 13272.23
75_con 99.9 13 52 66.7 0 0 60.0 0 0 13291.89
50_con 99.9 15 70 66.7 0 0 60.0 0 0 13236.67
40_con 99.9 10 72 66.7 0 0 66.7 0 0 12538.94
30_con 99.9 19 68 66.7 0 0 66.7 0 0 12451.94
20_con 99.9 14 62 60.0 0 0 60.0 0 0 12022.14
10_con 99.9 24 73 73.3 0 0 66.7 0 0 11400.15