12800_con 99.9 34 69 99.9 14 40 99.9 1 11 15804.20
6400_con 99.9 24 71 99.9 15 35 99.9 2 6 16302.20
3200_con 99.9 30 74 99.9 15 38 99.9 4 12 17285.70
1600_con 99.9 38 75 99.9 6 27 93.8 0 2 17251.52
800_con 99.9 39 77 99.9 6 44 93.8 0 5 18766.47
400_con 99.9 32 66 99.9 2 8 86.7 0 0 15388.77
200_con 99.9 30 77 93.3 0 3 73.3 0 0 14089.45
100_con 99.9 20 74 86.7 0 0 66.7 0 0 14735.33
75_con 99.9 23 72 86.7 0 0 66.7 0 0 14191.05
50_con 99.9 30 71 99.9 1 5 73.3 0 0 14042.18
40_con 99.9 18 72 87.5 0 0 75.0 0 0 13994.72
30_con 99.9 17 62 86.7 0 0 66.7 0 0 13438.74
20_con 99.9 15 55 86.7 0 0 73.3 0 0 12471.18
10_con 99.9 9 47 81.2 0 0 62.5 0 0 11143.19