12800_con 99.9 38 79 99.9 12 42 99.9 7 13 17189.66
6400_con 99.9 30 70 99.9 14 27 99.9 3 15 16487.56
3200_con 99.9 46 83 99.9 6 43 93.3 0 3 18928.34
1600_con 99.9 25 74 99.9 2 14 93.3 0 1 15777.23
800_con 99.9 34 77 93.3 0 5 80.0 0 0 15253.29
400_con 99.9 23 80 93.3 0 3 73.3 0 0 15148.92
200_con 99.9 29 70 93.3 0 5 80.0 0 0 15331.69
100_con 99.9 25 68 99.9 1 9 80.0 0 0 15364.24
75_con 99.9 17 71 93.3 0 1 66.7 0 0 14098.33
50_con 99.9 24 74 93.3 0 2 73.3 0 0 13229.06
40_con 99.9 10 65 93.3 0 1 66.7 0 0 12743.80
30_con 99.9 6 47 86.7 0 0 66.7 0 0 12225.13
20_con 99.9 11 54 80.0 0 0 66.7 0 0 11272.70
10_con 99.9 1 26 80.0 0 0 60.0 0 0 9843.46