12800_con 99.9 32 69 86.7 0 0 93.3 0 1 93.3 0 2 93.3 0 1 10053.18
6400_con 99.9 36 76 93.3 0 2 86.7 0 0 80.0 0 0 86.7 0 0 10076.76
3200_con 99.9 27 64 93.3 0 1 93.3 0 2 86.7 0 0 99.9 1 1 11067.91
1600_con 99.9 19 55 86.7 0 0 80.0 0 0 75.0 0 0 80.0 0 0 10432.07
800_con 99.9 19 61 81.2 0 0 68.8 0 0 68.8 0 0 75.0 0 0 9482.45
400_con 99.9 18 70 53.3 0 0 60.0 0 0 60.0 0 0 60.0 0 0 9050.82
200_con 99.9 10 63 60.0 0 0 53.3 0 0 60.0 0 0 53.3 0 0 9156.07
100_con 99.9 7 56 62.5 0 0 53.3 0 0 53.3 0 0 60.0 0 0 9430.37
75_con 99.9 6 54 53.3 0 0 53.3 0 0 60.0 0 0 60.0 0 0 9515.51
50_con 99.9 11 54 60.0 0 0 60.0 0 0 46.7 0 0 53.3 0 0 9603.86
40_con 99.9 10 51 46.7 0 0 53.3 0 0 56.2 0 0 53.3 0 0 9411.96
30_con 99.9 6 43 60.0 0 0 53.3 0 0 53.3 0 0 46.7 0 0 9149.77
20_con 99.9 11 46 53.3 0 0 53.3 0 0 53.3 0 0 60.0 0 0 8771.37
10_con 99.9 8 64 53.3 0 0 53.3 0 0 53.3 0 0 60.0 0 0 8276.88