12800_con 99.9 39 73 99.9 1 9 93.8 0 9 15804.20
6400_con 99.9 31 69 99.9 1 3 93.3 0 1 13902.89
3200_con 99.9 37 73 93.3 0 4 99.9 1 4 16544.24
1600_con 99.9 30 75 99.9 4 8 87.5 0 0 17130.64
800_con 99.9 25 73 93.3 0 1 93.3 0 1 13894.24
400_con 99.9 20 71 73.3 0 0 73.3 0 0 14426.54
200_con 99.9 28 78 80.0 0 0 80.0 0 0 14527.92
100_con 99.9 37 76 86.7 0 0 86.7 0 0 14823.47
75_con 99.9 27 68 80.0 0 0 73.3 0 0 13412.40
50_con 99.9 28 66 62.5 0 0 60.0 0 0 13207.99
40_con 99.9 21 71 60.0 0 0 73.3 0 0 12625.58
30_con 99.9 14 67 66.7 0 0 66.7 0 0 12630.42
20_con 99.9 19 64 73.3 0 0 73.3 0 0 12295.06
10_con 99.9 22 75 73.3 0 0 66.7 0 0 11906.68