12800_con 99.9 30 71 93.3 0 4 93.3 0 5 16076.79
6400_con 99.9 21 69 93.3 0 1 93.3 0 2 16691.88
3200_con 99.9 23 75 93.3 0 1 93.3 0 1 15590.03
1600_con 99.9 23 75 86.7 0 0 86.7 0 0 16393.38
800_con 99.9 28 77 80.0 0 0 80.0 0 0 14898.47
400_con 99.9 24 69 80.0 0 0 66.7 0 0 13463.27
200_con 99.9 32 76 66.7 0 0 66.7 0 0 13617.41
100_con 99.9 13 63 73.3 0 0 60.0 0 0 13337.08
75_con 99.9 16 66 73.3 0 0 73.3 0 0 12930.84
50_con 99.9 15 55 60.0 0 0 73.3 0 0 12595.36
40_con 99.9 11 66 66.7 0 0 66.7 0 0 12424.82
30_con 99.9 19 74 73.3 0 0 73.3 0 0 12114.61
20_con 99.9 22 70 66.7 0 0 60.0 0 0 11365.62
10_con 99.9 12 68 66.7 0 0 60.0 0 0 11160.55