12800_con 99.9 18 61 99.9 5 16 99.9 6 14 99.9 5 22 99.9 3 5 11276.75
6400_con 99.9 14 54 99.9 4 11 99.9 5 15 99.9 6 19 99.9 1 2 11869.55
3200_con 99.9 26 58 99.9 1 3 99.9 1 7 99.9 4 17 93.3 0 2 12067.86
1600_con 99.9 28 69 93.8 0 6 99.9 3 11 99.9 3 13 93.3 0 1 12814.49
800_con 99.9 19 66 93.3 0 2 99.9 1 2 99.9 1 3 81.2 0 0 11846.55
400_con 99.9 23 69 86.7 0 0 80.0 0 0 93.3 0 1 73.3 0 0 11637.92
200_con 99.9 11 55 80.0 0 0 80.0 0 0 86.7 0 0 66.7 0 0 11161.84
100_con 99.9 6 48 93.3 0 1 80.0 0 0 86.7 0 0 66.7 0 0 11047.85
75_con 99.9 10 53 80.0 0 0 93.3 0 1 86.7 0 0 66.7 0 0 11075.06
50_con 99.9 6 47 80.0 0 0 80.0 0 0 80.0 0 0 60.0 0 0 10928.79
40_con 99.9 3 42 73.3 0 0 73.3 0 0 73.3 0 0 60.0 0 0 10481.67
30_con 99.9 12 54 80.0 0 0 73.3 0 0 68.8 0 0 53.3 0 0 10073.35
20_con 99.9 10 40 73.3 0 0 73.3 0 0 73.3 0 0 60.0 0 0 9491.53
10_con 99.9 2 28 75.0 0 0 73.3 0 0 68.8 0 0 53.3 0 0 8302.30