12800_con 99.9 33 77 93.3 0 1 93.3 0 2 99.9 1 2 99.9 1 2 10195.10
6400_con 99.9 25 66 86.7 0 0 93.3 0 3 87.5 0 0 93.3 0 1 10250.68
3200_con 99.9 28 75 93.3 0 1 86.7 0 0 93.3 0 1 93.3 0 1 9762.72
1600_con 99.9 18 51 80.0 0 0 86.7 0 0 75.0 0 0 80.0 0 0 10054.08
800_con 99.9 17 51 86.7 0 0 66.7 0 0 86.7 0 0 80.0 0 0 8771.97
400_con 99.9 16 67 66.7 0 0 66.7 0 0 66.7 0 0 66.7 0 0 8857.59
200_con 99.9 12 65 53.3 0 0 53.3 0 0 53.3 0 0 46.7 0 0 9286.38
100_con 99.9 10 54 53.3 0 0 53.3 0 0 53.3 0 0 60.0 0 0 9384.38
75_con 99.9 8 54 53.3 0 0 53.3 0 0 60.0 0 0 60.0 0 0 9542.78
50_con 99.9 8 46 53.3 0 0 60.0 0 0 53.3 0 0 46.7 0 0 9493.32
40_con 99.9 5 40 60.0 0 0 60.0 0 0 53.3 0 0 66.7 0 0 9485.08
30_con 99.9 5 45 56.2 0 0 53.3 0 0 60.0 0 0 53.3 0 0 9372.99
20_con 99.9 7 55 53.3 0 0 60.0 0 0 53.3 0 0 60.0 0 0 9016.54
10_con 99.9 21 67 60.0 0 0 60.0 0 0 60.0 0 0 66.7 0 0 8197.89