12800_con 99.9 21 69 80.0 0 0 80.0 0 0 80.0 0 0 80.0 0 0 10690.51
6400_con 99.9 26 73 80.0 0 0 86.7 0 0 80.0 0 0 75.0 0 0 10014.34
3200_con 99.9 21 70 66.7 0 0 66.7 0 0 66.7 0 0 73.3 0 0 9340.74
1600_con 99.9 19 72 66.7 0 0 73.3 0 0 86.7 0 0 66.7 0 0 9781.66
800_con 99.9 6 55 53.3 0 0 60.0 0 0 53.3 0 0 53.3 0 0 9745.38
400_con 99.9 12 51 53.3 0 0 60.0 0 0 60.0 0 0 66.7 0 0 9702.93
200_con 99.9 6 49 53.3 0 0 53.3 0 0 53.3 0 0 53.3 0 0 9270.99
100_con 99.9 6 47 46.7 0 0 46.7 0 0 53.3 0 0 50.0 0 0 8809.06
75_con 99.9 13 63 53.3 0 0 56.2 0 0 56.2 0 0 53.3 0 0 8510.69
50_con 99.9 14 63 53.3 0 0 53.3 0 0 46.7 0 0 46.7 0 0 8016.43
40_con 99.9 21 73 53.3 0 0 53.3 0 0 53.3 0 0 53.3 0 0 7312.68
30_con 99.9 10 49 46.7 0 0 46.7 0 0 53.3 0 0 53.3 0 0 7313.42
20_con 99.9 20 71 46.7 0 0 53.3 0 0 46.7 0 0 53.3 0 0 6491.86
10_con 99.9 11 60 53.3 0 0 46.7 0 0 53.3 0 0 53.3 0 0 4719.03