12800_con 99.9 26 61 99.9 9 19 99.9 12 24 99.9 9 32 99.9 4 7 13150.40
6400_con 99.9 18 59 99.9 6 15 99.9 2 9 99.9 4 18 99.9 1 4 12241.53
3200_con 99.9 14 53 93.3 0 5 99.9 2 6 99.9 4 8 99.9 1 2 11527.91
1600_con 99.9 15 60 93.3 0 1 87.5 0 0 93.3 0 3 80.0 0 0 11133.61
800_con 99.9 16 58 86.7 0 0 93.3 0 1 86.7 0 0 73.3 0 0 10963.14
400_con 99.9 19 59 80.0 0 0 80.0 0 0 93.3 0 1 66.7 0 0 11290.50
200_con 99.9 8 47 80.0 0 0 80.0 0 0 80.0 0 0 66.7 0 0 11302.84
100_con 99.9 2 37 80.0 0 0 86.7 0 0 80.0 0 0 66.7 0 0 10924.95
75_con 99.9 8 48 80.0 0 0 86.7 0 0 80.0 0 0 66.7 0 0 10758.76
50_con 99.9 5 43 73.3 0 0 80.0 0 0 73.3 0 0 62.5 0 0 10253.57
40_con 99.9 1 33 73.3 0 0 73.3 0 0 73.3 0 0 53.3 0 0 9927.47
30_con 99.9 2 34 68.8 0 0 73.3 0 0 66.7 0 0 60.0 0 0 9614.50
20_con 93.8 0 17 68.8 0 0 80.0 0 0 73.3 0 0 66.7 0 0 8837.09
10_con 99.9 2 17 66.7 0 0 80.0 0 0 66.7 0 0 66.7 0 0 7470.85