12800_con 99.9 22 63 93.3 0 4 93.3 0 5 99.9 2 12 93.3 0 2 12062.47
6400_con 99.9 25 72 93.3 0 2 86.7 0 0 93.3 0 2 86.7 0 0 11336.27
3200_con 99.9 17 71 86.7 0 0 86.7 0 0 99.9 1 1 86.7 0 0 11114.32
1600_con 99.9 9 53 80.0 0 0 73.3 0 0 86.7 0 0 66.7 0 0 11083.39
800_con 99.9 9 39 73.3 0 0 75.0 0 0 80.0 0 0 60.0 0 0 11105.56
400_con 99.9 1 18 73.3 0 0 73.3 0 0 80.0 0 0 66.7 0 0 10666.43
200_con 99.9 1 19 73.3 0 0 80.0 0 0 73.3 0 0 60.0 0 0 9683.73
100_con 93.3 0 8 73.3 0 0 80.0 0 0 73.3 0 0 53.3 0 0 8534.00
75_con 93.3 0 4 66.7 0 0 73.3 0 0 60.0 0 0 46.7 0 0 8052.70
50_con 93.3 0 1 66.7 0 0 66.7 0 0 66.7 0 0 53.3 0 0 7193.83
40_con 86.7 0 0 62.5 0 0 66.7 0 0 62.5 0 0 46.7 0 0 6514.06
30_con 86.7 0 0 62.5 0 0 60.0 0 0 60.0 0 0 46.7 0 0 5672.70
20_con 80.0 0 0 53.3 0 0 60.0 0 0 66.7 0 0 43.8 0 0 4211.82
10_con 80.0 0 0 53.3 0 0 53.3 0 0 53.3 0 0 40.0 0 0 3455.40