12800_con 99.9 25 65 86.7 0 0 86.7 0 0 81.2 0 0 86.7 0 0 10364.23
6400_con 99.9 27 66 80.0 0 0 80.0 0 0 86.7 0 0 80.0 0 0 10563.28
3200_con 99.9 21 61 73.3 0 0 86.7 0 0 93.3 0 1 80.0 0 0 9838.01
1600_con 99.9 22 76 73.3 0 0 66.7 0 0 60.0 0 0 68.8 0 0 9628.01
800_con 99.9 16 68 56.2 0 0 60.0 0 0 56.2 0 0 56.2 0 0 9217.02
400_con 99.9 11 61 53.3 0 0 53.3 0 0 60.0 0 0 53.3 0 0 9530.61
200_con 99.9 11 63 60.0 0 0 56.2 0 0 53.3 0 0 60.0 0 0 9695.63
100_con 99.9 25 61 73.3 0 0 66.7 0 0 66.7 0 0 66.7 0 0 9692.91
75_con 99.9 5 47 53.3 0 0 46.7 0 0 50.0 0 0 53.3 0 0 9385.51
50_con 99.9 4 46 53.3 0 0 60.0 0 0 53.3 0 0 60.0 0 0 9090.35
40_con 99.9 8 54 46.7 0 0 60.0 0 0 53.3 0 0 60.0 0 0 8856.04
30_con 99.9 8 54 53.3 0 0 53.3 0 0 46.7 0 0 53.3 0 0 8596.87
20_con 99.9 8 53 53.3 0 0 60.0 0 0 53.3 0 0 53.3 0 0 8344.37
10_con 99.9 14 70 46.7 0 0 50.0 0 0 60.0 0 0 46.7 0 0 7152.64