12800_con  99.9 26 64 15114.07 99.9 4 18 99.9 1 3 
6400_con  99.9 32 73 15420.83 99.9 1 8 93.3 0 1 
3200_con  99.9 36 77 14187.17 93.3 0 2 80.0 0 0 
1600_con  99.9 28 71 14227.06 93.3 0 2 66.7 0 0 
800_con  99.9 14 52 14114.41 80.0 0 0 66.7 0 0 
400_con  99.9 7 55 13545.87 93.3 0 1 80.0 0 0 
200_con  99.9 2 18 11929.52 80.0 0 0 60.0 0 0 
100_con  93.3 0 6 10812.94 73.3 0 0 60.0 0 0 
75_con  93.3 0 4 10131.38 73.3 0 0 60.0 0 0 
50_con  93.3 0 1 9403.55 73.3 0 0 53.3 0 0 
40_con  93.3 0 4 8776.81 80.0 0 0 60.0 0 0 
30_con  86.7 0 0 8519.74 73.3 0 0 53.3 0 0 
20_con  73.3 0 0 6703.92 53.3 0 0 46.7 0 0 
10_con  93.3 0 1 5641.49 73.3 0 0 53.3 0 0 
