12800_con  99.9 22 63 12062.47 93.3 0 4 93.3 0 5 99.9 2 12 93.3 0 2 
6400_con  99.9 25 72 11336.27 93.3 0 2 86.7 0 0 93.3 0 2 86.7 0 0 
3200_con  99.9 17 71 11114.32 86.7 0 0 86.7 0 0 99.9 1 1 86.7 0 0
1600_con  99.9 9 53 11083.39 80.0 0 0 73.3 0 0 86.7 0 0 66.7 0 0 
800_con  99.9 9 39 11105.56 73.3 0 0 75.0 0 0 80.0 0 0 60.0 0 0 
400_con  99.9 1 18 10666.43 73.3 0 0 73.3 0 0 80.0 0 0 66.7 0 0 
200_con  99.9 1 19 9683.73 73.3 0 0 80.0 0 0 73.3 0 0 60.0 0 0 
100_con  93.3 0 8 8534.00 73.3 0 0 80.0 0 0 73.3 0 0 53.3 0 0 
75_con  93.3 0 4 8052.70 66.7 0 0 73.3 0 0 60.0 0 0 46.7 0 0 
50_con  93.3 0 1 7193.83 66.7 0 0 66.7 0 0 66.7 0 0 53.3 0 0 
40_con  86.7 0 0 6514.06 62.5 0 0 66.7 0 0 62.5 0 0 46.7 0 0 
30_con  86.7 0 0 5672.70 62.5 0 0 60.0 0 0 60.0 0 0 46.7 0 0 
20_con  80.0 0 0 4211.82 53.3 0 0 60.0 0 0 66.7 0 0 43.8 0 0 
10_con  80.0 0 0 3455.40 53.3 0 0 53.3 0 0 53.3 0 0 40.0 0 0 
