12800_con  99.9 21 70 12080.14 99.9 10 21 99.9 4 16 99.9 10 25 99.9 2 9 
6400_con  99.9 20 62 12291.30 99.9 4 6 99.9 3 8 99.9 3 7 99.9 1 1 
3200_con  99.9 20 70 11434.98 99.9 1 3 93.3 0 4 99.9 1 7 80.0 0 0 
1600_con  99.9 15 68 11206.43 80.0 0 0 86.7 0 0 93.3 0 2 86.7 0 0 
800_con  99.9 13 59 11208.78 80.0 0 0 86.7 0 0 86.7 0 0 73.3 0 0 
400_con  99.9 16 61 11315.56 80.0 0 0 73.3 0 0 80.0 0 0 62.5 0 0 
200_con  99.9 28 61 11363.58 80.0 0 0 86.7 0 0 86.7 0 0 60.0 0 0 
100_con  99.9 5 42 10722.55 80.0 0 0 80.0 0 0 80.0 0 0 66.7 0 0 
75_con  99.9 2 32 9995.30 80.0 0 0 86.7 0 0 73.3 0 0 60.0 0 0 
50_con  99.9 5 49 9329.45 73.3 0 0 80.0 0 0 73.3 0 0 60.0 0 0 
40_con  93.3 0 22 9182.78 73.3 0 0 73.3 0 0 73.3 0 0 53.3 0 0 
30_con  99.9 2 29 8464.44 73.3 0 0 73.3 0 0 66.7 0 0 60.0 0 0 
20_con  93.3 0 18 7780.38 73.3 0 0 73.3 0 0 66.7 0 0 60.0 0 0 
10_con  93.3 0 1 5685.88 66.7 0 0 60.0 0 0 60.0 0 0 46.7 0 0 
