12800_con  99.9 18 61 11276.75 99.9 5 16 99.9 6 14 99.9 5 22 99.9 3 5 
6400_con  99.9 14 54 11869.55 99.9 4 11 99.9 5 15 99.9 6 19 99.9 1 2 
3200_con  99.9 26 58 12067.86 99.9 1 3 99.9 1 7 99.9 4 17 93.3 0 2 
1600_con  99.9 28 69 12814.49 93.8 0 6 99.9 3 11 99.9 3 13 93.3 0 1 
800_con  99.9 19 66 11846.55 93.3 0 2 99.9 1 2 99.9 1 3 81.2 0 0 
400_con  99.9 23 69 11637.92 86.7 0 0 80.0 0 0 93.3 0 1 73.3 0 0 
200_con  99.9 11 55 11161.84 80.0 0 0 80.0 0 0 86.7 0 0 66.7 0 0 
100_con  99.9 6 48 11047.85 93.3 0 1 80.0 0 0 86.7 0 0 66.7 0 0 
75_con  99.9 10 53 11075.06 80.0 0 0 93.3 0 1 86.7 0 0 66.7 0 0 
50_con  99.9 6 47 10928.79 80.0 0 0 80.0 0 0 80.0 0 0 60.0 0 0 
40_con  99.9 3 42 10481.67 73.3 0 0 73.3 0 0 73.3 0 0 60.0 0 0 
30_con  99.9 12 54 10073.35 80.0 0 0 73.3 0 0 68.8 0 0 53.3 0 0 
20_con  99.9 10 40 9491.53 73.3 0 0 73.3 0 0 73.3 0 0 60.0 0 0 
10_con  99.9 2 28 8302.30 75.0 0 0 73.3 0 0 68.8 0 0 53.3 0 0 
