12800_con  99.9 26 61 13150.40 99.9 9 19 99.9 12 24 99.9 9 32 99.9 4 7 
6400_con  99.9 18 59 12241.53 99.9 6 15 99.9 2 9 99.9 4 18 99.9 1 4 
3200_con  99.9 14 53 11527.91 93.3 0 5 99.9 2 6 99.9 4 8 99.9 1 2 
1600_con  99.9 15 60 11133.61 93.3 0 1 87.5 0 0 93.3 0 3 80.0 0 0 
800_con  99.9 16 58 10963.14 86.7 0 0 93.3 0 1 86.7 0 0 73.3 0 0 
400_con  99.9 19 59 11290.50 80.0 0 0 80.0 0 0 93.3 0 1 66.7 0 0 
200_con  99.9 8 47 11302.84 80.0 0 0 80.0 0 0 80.0 0 0 66.7 0 0 
100_con  99.9 2 37 10924.95 80.0 0 0 86.7 0 0 80.0 0 0 66.7 0 0 
75_con  99.9 8 48 10758.76 80.0 0 0 86.7 0 0 80.0 0 0 66.7 0 0 
50_con  99.9 5 43 10253.57 73.3 0 0 80.0 0 0 73.3 0 0 62.5 0 0 
40_con  99.9 1 33 9927.47 73.3 0 0 73.3 0 0 73.3 0 0 53.3 0 0 
30_con  99.9 2 34 9614.50 68.8 0 0 73.3 0 0 66.7 0 0 60.0 0 0 
20_con  93.8 0 17 8837.09 68.8 0 0 80.0 0 0 73.3 0 0 66.7 0 0 
10_con  99.9 2 17 7470.85 66.7 0 0 80.0 0 0 66.7 0 0 66.7 0 0 
