12800_con  99.9 22 62 15980.27 99.9 15 37 99.9 8 16 
6400_con  99.9 34 80 18555.28 99.9 18 32 99.9 5 15 
3200_con  99.9 28 70 16967.42 99.9 9 24 99.9 2 9 
1600_con  99.9 34 74 15786.94 99.9 2 16 93.3 0 5 
800_con  99.9 26 73 15972.21 99.9 1 13 93.3 0 1 
400_con  99.9 30 79 17545.57 99.9 2 19 80.0 0 0 
200_con  99.9 22 81 14558.96 93.3 0 1 66.7 0 0 
100_con  99.9 27 72 14359.02 99.9 1 4 73.3 0 0 
75_con  99.9 23 64 14236.22 93.3 0 1 80.0 0 0 
50_con  99.9 9 53 13649.42 87.5 0 0 66.7 0 0 
40_con  99.9 25 68 13760.58 99.9 1 3 73.3 0 0 
30_con  99.9 23 67 12841.13 93.3 0 1 66.7 0 0 
20_con  99.9 7 56 12253.32 87.5 0 0 68.8 0 0 
10_con  99.9 12 53 10602.13 73.3 0 0 60.0 0 0 
