12800_con  99.9 27 71 16902.18 99.9 11 36 99.9 5 11 
6400_con  99.9 34 80 17292.14 99.9 9 31 99.9 1 6 
3200_con  99.9 18 70 16765.97 99.9 3 13 86.7 0 0 
1600_con  99.9 30 78 15473.24 99.9 2 8 93.3 0 1 
800_con  99.9 26 69 15380.30 99.9 1 3 80.0 0 0 
400_con  99.9 33 79 14391.81 86.7 0 0 73.3 0 0 
200_con  99.9 7 59 14279.67 93.3 0 2 73.3 0 0 
100_con  99.9 11 54 13518.62 86.7 0 0 73.3 0 0 
75_con  99.9 8 47 12935.92 80.0 0 0 75.0 0 0 
50_con  99.9 3 41 12131.80 80.0 0 0 66.7 0 0 
40_con  99.9 3 39 11557.21 86.7 0 0 66.7 0 0 
30_con  99.9 4 38 10982.59 80.0 0 0 73.3 0 0 
20_con  93.3 0 28 10092.06 80.0 0 0 60.0 0 0 
10_con  93.3 0 14 8847.44 73.3 0 0 60.0 0 0 
