12800_con  99.9 38 79 17189.66 99.9 12 42 99.9 7 13
6400_con  99.9 30 70 16487.56 99.9 14 27 99.9 3 15 
3200_con  99.9 46 83 18928.34 99.9 6 43 93.3 0 3 
1600_con  99.9 25 74 15777.23 99.9 2 14 93.3 0 1 
800_con  99.9 34 77 15253.29 93.3 0 5 80.0 0 0 
400_con  99.9 23 80 15148.92 93.3 0 3 73.3 0 0 
200_con  99.9 29 70 15331.69 93.3 0 5 80.0 0 0 
100_con  99.9 25 68 15364.24 99.9 1 9 80.0 0 0 
75_con  99.9 17 71 14098.33 93.3 0 1 66.7 0 0 
50_con  99.9 24 74 13229.06 93.3 0 2 73.3 0 0 
40_con  99.9 10 65 12743.80 93.3 0 1 66.7 0 0 
30_con  99.9 6 47 12225.13 86.7 0 0 66.7 0 0 
20_con  99.9 11 54 11272.70 80.0 0 0 66.7 0 0 
10_con  99.9 1 26 9843.46 80.0 0 0 60.0 0 0 
