12800_con  99.9 34 69 15804.20 99.9 14 40 99.9 1 11 
6400_con  99.9 24 71 16302.20 99.9 15 35 99.9 2 6 
3200_con  99.9 30 74 17285.70 99.9 15 38 99.9 4 12 
1600_con  99.9 38 75 17251.52 99.9 6 27 93.8 0 2 
800_con  99.9 39 77 18766.47 99.9 6 44 93.8 0 5 
400_con  99.9 32 66 15388.77 99.9 2 8 86.7 0 0 
200_con  99.9 30 77 14089.45 93.3 0 3 73.3 0 0 
100_con  99.9 20 74 14735.33 86.7 0 0 66.7 0 0 
75_con  99.9 23 72 14191.05 86.7 0 0 66.7 0 0 
50_con  99.9 30 71 14042.18 99.9 1 5 73.3 0 0 
40_con  99.9 18 72 13994.72 87.5 0 0 75.0 0 0 
30_con  99.9 17 62 13438.74 86.7 0 0 66.7 0 0 
20_con  99.9 15 55 12471.18 86.7 0 0 73.3 0 0 
10_con  99.9 9 47 11143.19 81.2 0 0 62.5 0 0 
