12800_con  99.9 30 66 11966.15 99.9 7 17 99.9 9 25 99.9 7 21 99.9 3 5 
6400_con  99.9 29 65 11589.91 99.9 8 15 99.9 2 16 99.9 6 13 93.8 0 2 
3200_con  99.9 31 66 12538.02 99.9 4 14 99.9 6 17 99.9 6 16 93.3 0 2 
1600_con  99.9 28 67 11531.30 99.9 1 1 99.9 4 12 99.9 3 10 93.3 0 1 
800_con  99.9 22 67 11174.97 93.3 0 2 93.3 0 1 99.9 1 3 86.7 0 0 
400_con  99.9 12 59 11018.37 81.2 0 0 87.5 0 0 99.9 1 2 80.0 0 0 
200_con  99.9 14 59 10831.97 87.5 0 0 93.3 0 1 93.3 0 1 73.3 0 0 
100_con  99.9 13 54 11187.57 86.7 0 0 86.7 0 0 86.7 0 0 68.8 0 0 
75_con  99.9 8 42 10984.97 80.0 0 0 80.0 0 0 80.0 0 0 60.0 0 0 
50_con  99.9 1 40 10691.39 73.3 0 0 73.3 0 0 86.7 0 0 60.0 0 0 
40_con  99.9 25 66 11024.23 80.0 0 0 86.7 0 0 80.0 0 0 60.0 0 0 
30_con  99.9 2 40 10286.71 80.0 0 0 80.0 0 0 80.0 0 0 60.0 0 0 
20_con  99.9 4 36 9866.65 80.0 0 0 73.3 0 0 73.3 0 0 60.0 0 0 
10_con  99.9 3 31 8688.87 73.3 0 0 66.7 0 0 73.3 0 0 60.0 0 0 
