12800_con  99.9 30 71 16076.79 93.3 0 4 93.3 0 5 
6400_con  99.9 21 69 16691.88 93.3 0 1 93.3 0 2 
3200_con  99.9 23 75 15590.03 93.3 0 1 93.3 0 1 
1600_con  99.9 23 75 16393.38 86.7 0 0 86.7 0 0 
800_con  99.9 28 77 14898.47 80.0 0 0 80.0 0 0 
400_con  99.9 24 69 13463.27 80.0 0 0 66.7 0 0 
200_con  99.9 32 76 13617.41 66.7 0 0 66.7 0 0 
100_con  99.9 13 63 13337.08 73.3 0 0 60.0 0 0 
75_con  99.9 16 66 12930.84 73.3 0 0 73.3 0 0 
50_con  99.9 15 55 12595.36 60.0 0 0 73.3 0 0 
40_con  99.9 11 66 12424.82 66.7 0 0 66.7 0 0 
30_con  99.9 19 74 12114.61 73.3 0 0 73.3 0 0 
20_con  99.9 22 70 11365.62 66.7 0 0 60.0 0 0 
10_con  99.9 12 68 11160.55 66.7 0 0 60.0 0 0 
