12800_con  99.9 44 79 14896.83 93.3 0 7 99.9 1 6 
6400_con  99.9 44 82 15351.71 99.9 1 2 93.3 0 1 
3200_con  99.9 29 77 18250.94 93.3 0 4 99.9 1 9 
1600_con  99.9 30 75 14367.10 86.7 0 0 86.7 0 0 
800_con  99.9 31 75 15048.51 86.7 0 0 80.0 0 0 
400_con  99.9 33 77 13810.67 80.0 0 0 75.0 0 0 
200_con  99.9 28 75 15641.60 81.2 0 0 86.7 0 0 
100_con  99.9 20 75 13272.23 60.0 0 0 60.0 0 0 
75_con  99.9 13 52 13291.89 66.7 0 0 60.0 0 0 
50_con  99.9 15 70 13236.67 66.7 0 0 60.0 0 0 
40_con  99.9 10 72 12538.94 66.7 0 0 66.7 0 0 
30_con  99.9 19 68 12451.94 66.7 0 0 66.7 0 0 
20_con  99.9 14 62 12022.14 60.0 0 0 60.0 0 0 
10_con  99.9 24 73 11400.15 73.3 0 0 66.7 0 0 
