12800_con  99.9 21 67 10143.07 93.3 0 1 80.0 0 0 80.0 0 0 86.7 0 0 
6400_con  99.9 27 75 10234.29 80.0 0 0 86.7 0 0 80.0 0 0 80.0 0 0 
3200_con  99.9 26 63 9631.37 93.3 0 1 99.9 1 1 93.3 0 1 93.3 0 1 
1600_con  99.9 19 68 9577.47 68.8 0 0 80.0 0 0 73.3 0 0 68.8 0 0 
800_con  99.9 32 75 9235.27 53.3 0 0 53.3 0 0 60.0 0 0 60.0 0 0 
400_con  99.9 13 71 9406.79 60.0 0 0 60.0 0 0 53.3 0 0 60.0 0 0 
200_con  99.9 14 62 9392.42 60.0 0 0 60.0 0 0 53.3 0 0 53.3 0 0 
100_con  99.9 3 46 9697.21 60.0 0 0 56.2 0 0 53.3 0 0 60.0 0 0 
75_con  99.9 8 45 9491.10 53.3 0 0 53.3 0 0 53.3 0 0 53.3 0 0 
50_con  99.9 12 64 9416.63 66.7 0 0 60.0 0 0 60.0 0 0 60.0 0 0 
40_con  99.9 10 48 9360.43 66.7 0 0 60.0 0 0 53.3 0 0 53.3 0 0 
30_con  99.9 5 48 9073.11 53.3 0 0 50.0 0 0 53.3 0 0 66.7 0 0 
20_con  99.9 6 59 8580.73 53.3 0 0 53.3 0 0 53.3 0 0 53.3 0 0 
10_con  99.9 13 58 7876.45 53.3 0 0 53.3 0 0 50.0 0 0 53.3 0 0 
