12800_con  99.9 25 65 10364.23 86.7 0 0 86.7 0 0 81.2 0 0 86.7 0 0 
6400_con  99.9 27 66 10563.28 80.0 0 0 80.0 0 0 86.7 0 0 80.0 0 0 
3200_con  99.9 21 61 9838.01 73.3 0 0 86.7 0 0 93.3 0 1 80.0 0 0 
1600_con  99.9 22 76 9628.01 73.3 0 0 66.7 0 0 60.0 0 0 68.8 0 0 
800_con  99.9 16 68 9217.02 56.2 0 0 60.0 0 0 56.2 0 0 56.2 0 0 
400_con  99.9 11 61 9530.61 53.3 0 0 53.3 0 0 60.0 0 0 53.3 0 0 
200_con  99.9 11 63 9695.63 60.0 0 0 56.2 0 0 53.3 0 0 60.0 0 0 
100_con  99.9 25 61 9692.91 73.3 0 0 66.7 0 0 66.7 0 0 66.7 0 0 
75_con  99.9 5 47 9385.51 53.3 0 0 46.7 0 0 50.0 0 0 53.3 0 0 
50_con  99.9 4 46 9090.35 53.3 0 0 60.0 0 0 53.3 0 0 60.0 0 0 
40_con  99.9 8 54 8856.04 46.7 0 0 60.0 0 0 53.3 0 0 60.0 0 0 
30_con  99.9 8 54 8596.87 53.3 0 0 53.3 0 0 46.7 0 0 53.3 0 0 
20_con  99.9 8 53 8344.37 53.3 0 0 60.0 0 0 53.3 0 0 53.3 0 0 
10_con  99.9 14 70 7152.64 46.7 0 0 50.0 0 0 60.0 0 0 46.7 0 0 
