12800_con  99.9 38 79 15603.81 93.3 0 4 99.9 1 4 
6400_con  99.9 31 77 15921.31 87.5 0 0 93.3 0 1 
3200_con  99.9 20 71 15678.08 93.3 0 1 93.3 0 1 
1600_con  99.9 31 83 15651.96 80.0 0 0 86.7 0 0 
800_con  99.9 31 81 14996.00 80.0 0 0 80.0 0 0 
400_con  99.9 34 77 14111.74 66.7 0 0 73.3 0 0 
200_con  99.9 23 74 13463.36 62.5 0 0 68.8 0 0 
100_con  99.9 11 65 13118.85 80.0 0 0 66.7 0 0 
75_con  99.9 13 65 12690.00 60.0 0 0 66.7 0 0 
50_con  99.9 11 70 12544.43 66.7 0 0 73.3 0 0 
40_con  99.9 23 69 12265.10 60.0 0 0 60.0 0 0 
30_con  99.9 18 68 11727.04 60.0 0 0 60.0 0 0 
20_con  99.9 21 76 11438.91 73.3 0 0 60.0 0 0 
10_con  99.9 20 74 10009.95 66.7 0 0 66.7 0 0 
