12800_con  99.9 33 77 10195.10 93.3 0 1 93.3 0 2 99.9 1 2 99.9 1 2 
6400_con  99.9 25 66 10250.68 86.7 0 0 93.3 0 3 87.5 0 0 93.3 0 1 
3200_con  99.9 28 75 9762.72 93.3 0 1 86.7 0 0 93.3 0 1 93.3 0 1 
1600_con  99.9 18 51 10054.08 80.0 0 0 86.7 0 0 75.0 0 0 80.0 0 0 
800_con  99.9 17 51 8771.97 86.7 0 0 66.7 0 0 86.7 0 0 80.0 0 0 
400_con  99.9 16 67 8857.59 66.7 0 0 66.7 0 0 66.7 0 0 66.7 0 0 
200_con  99.9 12 65 9286.38 53.3 0 0 53.3 0 0 53.3 0 0 46.7 0 0 
100_con  99.9 10 54 9384.38 53.3 0 0 53.3 0 0 53.3 0 0 60.0 0 0 
75_con  99.9 8 54 9542.78 53.3 0 0 53.3 0 0 60.0 0 0 60.0 0 0 
50_con  99.9 8 46 9493.32 53.3 0 0 60.0 0 0 53.3 0 0 46.7 0 0 
40_con  99.9 5 40 9485.08 60.0 0 0 60.0 0 0 53.3 0 0 66.7 0 0 
30_con  99.9 5 45 9372.99 56.2 0 0 53.3 0 0 60.0 0 0 53.3 0 0 
20_con  99.9 7 55 9016.54 53.3 0 0 60.0 0 0 53.3 0 0 60.0 0 0 
10_con  99.9 21 67 8197.89 60.0 0 0 60.0 0 0 60.0 0 0 66.7 0 0 
