12800_con  99.9 39 73 15804.20 99.9 1 9 93.8 0 9 
6400_con  99.9 31 69 13902.89 99.9 1 3 93.3 0 1 
3200_con  99.9 37 73 16544.24 93.3 0 4 99.9 1 4 
1600_con  99.9 30 75 17130.64 99.9 4 8 87.5 0 0 
800_con  99.9 25 73 13894.24 93.3 0 1 93.3 0 1 
400_con  99.9 20 71 14426.54 73.3 0 0 73.3 0 0 
200_con  99.9 28 78 14527.92 80.0 0 0 80.0 0 0 
100_con  99.9 37 76 14823.47 86.7 0 0 86.7 0 0 
75_con  99.9 27 68 13412.40 80.0 0 0 73.3 0 0 
50_con  99.9 28 66 13207.99 62.5 0 0 60.0 0 0 
40_con  99.9 21 71 12625.58 60.0 0 0 73.3 0 0 
30_con  99.9 14 67 12630.42 66.7 0 0 66.7 0 0 
20_con  99.9 19 64 12295.06 73.3 0 0 73.3 0 0 
10_con  99.9 22 75 11906.68 73.3 0 0 66.7 0 0 
