12800_con  99.9 21 69 10690.51 80.0 0 0 80.0 0 0 80.0 0 0 80.0 0 0 
6400_con  99.9 26 73 10014.34 80.0 0 0 86.7 0 0 80.0 0 0 75.0 0 0 
3200_con  99.9 21 70 9340.74 66.7 0 0 66.7 0 0 66.7 0 0 73.3 0 0 
1600_con  99.9 19 72 9781.66 66.7 0 0 73.3 0 0 86.7 0 0 66.7 0 0 
800_con  99.9 6 55 9745.38 53.3 0 0 60.0 0 0 53.3 0 0 53.3 0 0 
400_con  99.9 12 51 9702.93 53.3 0 0 60.0 0 0 60.0 0 0 66.7 0 0 
200_con  99.9 6 49 9270.99 53.3 0 0 53.3 0 0 53.3 0 0 53.3 0 0 
100_con  99.9 6 47 8809.06 46.7 0 0 46.7 0 0 53.3 0 0 50.0 0 0 
75_con  99.9 13 63 8510.69 53.3 0 0 56.2 0 0 56.2 0 0 53.3 0 0 
50_con  99.9 14 63 8016.43 53.3 0 0 53.3 0 0 46.7 0 0 46.7 0 0 
40_con  99.9 21 73 7312.68 53.3 0 0 53.3 0 0 53.3 0 0 53.3 0 0 
30_con  99.9 10 49 7313.42 46.7 0 0 46.7 0 0 53.3 0 0 53.3 0 0 
20_con  99.9 20 71 6491.86 46.7 0 0 53.3 0 0 46.7 0 0 53.3 0 0 
10_con  99.9 11 60 4719.03 53.3 0 0 46.7 0 0 53.3 0 0 53.3 0 0 
