12800_con  99.9 26 72 15556.36 93.3 0 1 93.3 0 2 
6400_con  99.9 28 78 15725.85 99.9 1 1 93.3 0 2 
3200_con  99.9 31 74 14466.23 73.3 0 0 86.7 0 0 
1600_con  99.9 27 69 14307.42 73.3 0 0 73.3 0 0 
800_con  99.9 21 67 13564.35 73.3 0 0 73.3 0 0 
400_con  99.9 18 61 13094.44 66.7 0 0 66.7 0 0 
200_con  99.9 14 61 12415.78 60.0 0 0 60.0 0 0 
100_con  99.9 10 59 11624.17 66.7 0 0 60.0 0 0 
75_con  99.9 16 63 11347.39 60.0 0 0 60.0 0 0 
50_con  99.9 11 60 10521.33 60.0 0 0 66.7 0 0 
40_con  99.9 16 63 9910.71 60.0 0 0 60.0 0 0 
30_con  99.9 14 62 9445.34 53.3 0 0 53.3 0 0 
20_con  99.9 8 68 8235.41 60.0 0 0 60.0 0 0 
10_con  99.9 13 54 6290.71 60.0 0 0 60.0 0 0 
