12800_con  99.9 32 69 10053.18 86.7 0 0 93.3 0 1 93.3 0 2 93.3 0 1 
6400_con  99.9 36 76 10076.76 93.3 0 2 86.7 0 0 80.0 0 0 86.7 0 0 
3200_con  99.9 27 64 11067.91 93.3 0 1 93.3 0 2 86.7 0 0 99.9 1 1 
1600_con  99.9 19 55 10432.07 86.7 0 0 80.0 0 0 75.0 0 0 80.0 0 0 
800_con  99.9 19 61 9482.45 81.2 0 0 68.8 0 0 68.8 0 0 75.0 0 0 
400_con  99.9 18 70 9050.82 53.3 0 0 60.0 0 0 60.0 0 0 60.0 0 0 
200_con  99.9 10 63 9156.07 60.0 0 0 53.3 0 0 60.0 0 0 53.3 0 0 
100_con  99.9 7 56 9430.37 62.5 0 0 53.3 0 0 53.3 0 0 60.0 0 0 
75_con  99.9 6 54 9515.51 53.3 0 0 53.3 0 0 60.0 0 0 60.0 0 0 
50_con  99.9 11 54 9603.86 60.0 0 0 60.0 0 0 46.7 0 0 53.3 0 0 
40_con  99.9 10 51 9411.96 46.7 0 0 53.3 0 0 56.2 0 0 53.3 0 0 
30_con  99.9 6 43 9149.77 60.0 0 0 53.3 0 0 53.3 0 0 46.7 0 0 
20_con  99.9 11 46 8771.37 53.3 0 0 53.3 0 0 53.3 0 0 60.0 0 0 
10_con  99.9 8 64 8276.88 53.3 0 0 53.3 0 0 53.3 0 0 60.0 0 0 
