800_con  111.0 31 59 6846.97
800_con  105.0 40 69 7102.01
800_con  103.0 25 64 7104.86
400_con  104.0 34 70 7372.76
400_con  106.0 26 60 6753.12
400_con  111.0 28 63 7271.50
200_con  104.0 35 66 6801.30
200_con  104.0 28 70 6631.70
200_con  108.0 32 62 6670.81
100_con  103.0 30 68 6735.76
100_con  110.0 28 73 6963.57
100_con  106.0 28 63 6571.63
75_con  106.0 35 69 6696.90
75_con  108.0 31 63 6921.36
75_con  102.0 24 61 6659.80
60_con  105.0 27 61 7073.92
60_con  104.0 37 77 6748.49
60_con  107.0 25 52 6850.64
50_con  106.0 21 58 6874.40
50_con  108.0 20 51 6900.92
50_con  102.0 29 65 6939.99
40_con  106.0 36 71 7032.69
40_con  104.0 28 63 7159.86
40_con  109.0 38 73 7180.85
35_con  105.0 28 68 6955.67
35_con  101.0 25 61 6885.14
35_con  103.0 24 50 6994.42
30_con  105.0 25 59 7053.21
30_con  104.0 26 63 6851.48
30_con  104.0 33 66 7094.09
20_con  105.0 27 52 7001.60
