1600_con  115.0 21 40 8127.50
1600_con  109.0 18 37 8385.03
1600_con  114.0 19 28 7416.68
800_con  112.0 26 39 9092.24
800_con  108.0 21 39 9587.53
800_con  108.0 24 47 9798.83
400_con  100.0 2 7 6578.88
400_con  101.0 9 20 7362.08
400_con  107.0 6 16 7326.00
200_con  91.0 0 1 6032.83
200_con  95.0 1 2 6145.76
200_con  101.0 1 1 5710.03
100_con  77.0 0 0 5186.98
100_con  93.0 0 1 5378.05
100_con  92.0 0 1 5288.32
75_con  80.0 0 0 4621.35
75_con  94.0 0 4 4347.95
75_con  87.0 0 0 4091.46
800_con  109.0 30 44 9610.82
800_con  107.0 28 51 9435.81
800_con  112.0 19 35 8881.60
