10_con  82.0 0 0 5179.73
10_con  77.0 0 0 5125.83
10_con  82.0 0 0 5158.19
20_con  62.0 0 0 5003.08
20_con  80.0 0 0 5234.31
20_con  79.0 0 0 5102.52
30_con  64.0 0 0 5067.90
30_con  59.0 0 0 4988.81
30_con  82.0 0 0 5214.01
40_con  58.0 0 0 5054.09
40_con  63.0 0 0 4905.51
40_con  66.0 0 0 4778.57
800_con  99.0 6 9 7469.37
800_con  101.0 5 11 7012.60
800_con  99.0 3 10 6319.83
400_con  91.0 0 1 6256.22
400_con  90.0 0 2 6313.82
400_con  89.0 0 0 6180.29
200_con  99.0 1 2 5352.59
200_con  93.0 0 2 6197.72
200_con  90.0 0 1 5591.00
100_con  90.0 0 1 5267.73
100_con  90.0 0 1 5195.23
100_con  75.0 0 0 5129.18
75_con  85.0 0 0 5074.90
75_con  89.0 0 0 5215.24
75_con  100.0 1 1 5050.65
60_con  85.0 0 0 4949.92
