1600_con  112.0 26 53 9322.71
1600_con  106.0 31 48 8065.21
1600_con  108.0 32 47 7440.00
800_con  109.0 24 41 8678.21
800_con  110.0 12 19 7349.83
800_con  3.0 0 0 0.00
400_con  106.0 18 29 8193.71
400_con  103.0 7 13 6424.70
400_con  102.0 15 27 7842.61
200_con  90.0 0 2 5687.55
200_con  88.0 0 0 5461.38
200_con  96.0 1 3 6037.04
100_con  80.0 0 0 5155.54
100_con  88.0 0 0 5212.79
100_con  94.0 0 1 5240.31
75_con  83.0 0 0 4924.86
75_con  83.0 0 0 5160.28
75_con  89.0 0 0 5203.62
60_con  91.0 0 1 5406.84
