100_con  74.0 0 0 3910.77
100_con  83.0 0 0 4005.89
100_con  81.0 0 0 4097.82
75_con  74.0 0 0 3893.45
75_con  73.0 0 0 3955.67
75_con  74.0 0 0 3940.92
60_con  69.0 0 0 3949.86
60_con  71.0 0 0 3902.21
60_con  71.0 0 0 3904.54
50_con  74.0 0 0 3929.23
50_con  72.0 0 0 3961.63
50_con  73.0 0 0 3916.13
45_con  68.0 0 0 3949.08
45_con  73.0 0 0 3908.73
45_con  71.0 0 0 3909.62
40_con  70.0 0 0 3910.34
40_con  73.0 0 0 3966.65
40_con  77.0 0 0 3962.25
35_con  71.0 0 0 3943.29
35_con  70.0 0 0 3911.14
35_con  76.0 0 0 3989.36
