1600_con  108.0 31 51 11644.18
1600_con  111.0 34 49 11017.17
1600_con  108.0 32 44 11170.15
800_con  108.0 32 45 12169.37
800_con  106.0 35 56 12821.66
800_con  110.0 30 51 12349.59
400_con  109.0 17 29 11310.12
400_con  99.0 9 23 11360.17
400_con  104.0 14 31 11830.59
200_con  96.0 3 7 11067.44
200_con  98.0 3 6 10989.18
200_con  93.0 0 3 10871.95
100_con  91.0 0 3 10047.11
100_con  87.0 0 0 10194.83
100_con  92.0 0 5 9978.54
75_con  100.0 3 7 9885.70
75_con  101.0 1 3 10092.00
75_con  89.0 0 0 10146.67
60_con  93.0 0 4 9729.73
60_con  86.0 0 0 9518.12
60_con  101.0 3 5 9827.57
50_con  86.0 0 0 9399.59
50_con  91.0 0 1 9325.41
50_con  92.93 0 1 9533.19
45_con  91.0 0 1 9623.20
45_con  94.0 0 1 9322.43
45_con  85.0 0 0 9504.14
40_con  94.0 0 1 9425.92
40_con  92.0 0 2 9225.70
40_con  86.0 0 0 9238.68
35_con  95.0 1 2 8954.52
35_con  83.0 0 0 9017.42
35_con  85.0 0 0 9425.64
30_con  91.0 0 1 9340.31
30_con  86.0 0 0 9035.12
30_con  89.0 0 0 9254.01
20_con  98.0 3 4 9409.52
20_con  86.0 0 0 9070.40
20_con  85.0 0 0 9456.94
