1600_con  96.0 4 12 12468.60
1600_con  97.0 3 13 11625.05
1600_con  101.0 4 22 12940.68
800_con  93.0 0 2 11007.13
800_con  95.0 1 3 11046.59
800_con  96.0 1 3 11118.94
400_con  94.0 0 2 10090.03
400_con  93.0 0 2 10143.32
400_con  95.0 1 6 10599.59
200_con  93.0 0 3 9934.05
200_con  100.0 3 7 9903.97
200_con  95.0 2 6 10019.21
100_con  89.0 0 0 9602.25
100_con  92.0 0 1 9758.65
100_con  87.0 0 0 9766.23
75_con  90.0 0 1 9974.64
75_con  81.0 0 0 9727.71
75_con  85.0 0 0 9722.00
60_con  89.0 0 0 9913.81
60_con  87.0 0 0 9869.15
60_con  85.0 0 0 9765.13
50_con  91.0 0 1 10345.02
50_con  90.0 0 1 9957.29
50_con  83.0 0 0 9689.39
45_con  89.0 0 0 10137.30
45_con  90.0 0 1 9925.56
45_con  80.0 0 0 9640.83
40_con  86.0 0 0 10117.08
40_con  87.0 0 0 9721.02
40_con  84.0 0 0 10034.62
35_con  88.0 0 0 9634.98
35_con  91.0 0 2 9694.96
35_con  87.0 0 0 9581.24
30_con  83.0 0 0 9728.55
30_con  93.0 0 1 9910.95
30_con  89.0 0 0 10076.67
20_con  90.0 0 1 9479.22
20_con  93.0 0 1 9581.70
20_con  88.0 0 0 9702.40
