1600_con  99.0 35 98 13847.54
1600_con  101.0 43 93 14410.82
1600_con  103.0 50 93 17061.88
800_con  102.0 51 87 13869.61
800_con  98.0 48 97 14114.05
800_con  102.0 41 91 18603.71
400_con  102.0 39 89 15791.91
400_con  102.0 48 92 13162.96
400_con  102.0 54 93 16870.69
200_con  101.0 56 92 13535.16
200_con  98.0 37 97 13564.50
200_con  99.0 60 100 13263.31
100_con  100.0 38 97 15086.91
100_con  103.0 45 92 14439.57
100_con  97.0 42 99 13147.06
75_con  100.0 37 79 13350.49
75_con  99.0 22 85 13450.70
75_con  102.0 33 80 13436.92
60_con  98.0 28 90 13449.52
60_con  99.0 37 97 13596.75
60_con  100.0 37 93 18487.12
