1600_con  105.0 63 95 11308.90
1600_con  106.0 72 97 11876.54
1600_con  105.0 61 98 11499.48
800_con  104.0 61 91 12193.16
800_con  107.0 75 98 14357.18
800_con  105.0 59 92 12803.79
400_con  106.0 49 91 12583.80
400_con  105.0 62 96 13906.72
400_con  104.0 52 93 12608.80
200_con  102.0 49 91 12853.70
200_con  106.0 48 92 12908.42
200_con  103.0 57 88 14510.50
100_con  105.0 52 87 14695.69
100_con  106.0 55 88 13047.11
100_con  104.0 48 92 12627.73
75_con  105.0 50 84 11964.30
75_con  102.0 48 91 13132.83
75_con  102.0 52 90 12209.41
60_con  102.0 44 92 12660.12
60_con  104.0 43 86 12602.42
60_con  103.0 58 97 13179.15
50_con  104.0 59 86 12016.47
50_con  104.0 53 85 12261.82
50_con  104.0 49 87 12513.33
45_con  103.0 46 89 12289.44
45_con  105.0 52 88 12363.91
45_con  109.0 55 91 12384.16
40_con  105.0 56 87 12123.27
40_con  104.0 57 89 12653.15
40_con  105.0 45 82 12136.65
35_con  103.0 62 98 17789.70
35_con  103.0 49 93 12105.15
35_con  103.0 53 90 12150.39
30_con  103.0 56 87 12710.01
30_con  106.0 57 90 12193.07
30_con  106.0 51 86 13439.49
20_con  102.0 51 90 11915.58
20_con  107.0 53 81 14386.21
20_con  104.0 62 94 12652.57
