1600_con  106.0 44 83 12393.28
1600_con  105.0 74 98 17761.67
1600_con  108.0 44 72 13350.65
800_con  103.0 44 90 14363.80
800_con  107.0 44 89 15054.43
800_con  103.0 45 90 13727.54
400_con  103.0 60 89 13853.58
400_con  103.0 48 89 15871.51
400_con  105.0 53 87 15149.69
200_con  105.0 39 88 15872.04
200_con  105.0 61 88 14993.39
200_con  102.0 53 88 12871.71
100_con  105.0 45 85 12973.73
100_con  105.0 50 88 14727.50
100_con  106.0 57 81 14788.34
75_con  104.0 49 87 15007.33
75_con  104.0 47 85 12836.99
75_con  102.0 42 93 13056.13
60_con  99.0 37 99 13056.47
60_con  100.0 27 90 12870.29
60_con  102.0 58 92 15029.46
50_con  98.0 25 95 13185.71
50_con  100.0 32 96 13600.79
50_con  100.0 43 90 12877.45
45_con  100.0 43 97 13107.18
45_con  102.0 21 81 13156.60
45_con  102.0 39 80 13104.48
40_con  101.0 36 86 13568.73
40_con  101.0 50 91 13915.04
40_con  100.0 32 85 12916.47
35_con  99.0 27 92 12746.70
35_con  99.0 39 86 12766.40
35_con  96.0 19 95 12876.19
30_con  101.0 35 85 13151.60
30_con  101.0 55 93 13492.41
30_con  102.0 38 89 13458.69
20_con  97.0 21 77 12814.53
20_con  98.0 20 96 12616.31
20_con  104.0 32 91 12856.39
