1600_con  106.0 48 65 11713.12
1600_con  109.0 38 49 10848.29
1600_con  105.0 43 56 11028.90
800_con  108.0 37 55 11148.94
800_con  106.0 41 62 12215.61
800_con  106.0 40 59 12817.62
400_con  103.0 36 51 12377.68
400_con  105.0 31 53 12222.50
400_con  107.0 25 45 11909.93
200_con  97.0 3 13 11028.81
200_con  98.02 3 8 10780.74
200_con  98.0 4 11 10863.10
100_con  96.0 1 5 10663.04
100_con  99.0 4 7 10403.72
100_con  96.0 2 6 10131.50
75_con  97.0 1 1 9851.42
75_con  91.0 0 2 10269.41
75_con  96.0 1 4 10089.81
60_con  88.0 0 0 9909.41
60_con  91.0 0 2 10084.99
60_con  94.0 0 7 9799.73
50_con  97.0 1 2 9721.24
50_con  90.0 0 1 9458.29
50_con  90.0 0 1 9358.66
45_con  96.0 2 5 9501.27
45_con  92.0 0 2 9825.03
45_con  94.0 0 2 9240.39
40_con  91.0 0 1 9065.05
40_con  91.0 0 2 9025.67
40_con  94.0 0 2 9030.81
35_con  86.0 0 0 9156.49
35_con  86.0 0 0 8976.35
3000_con  106.0 45 56 10351.63
3000_con  106.0 48 73 10727.82
3000_con  110.0 46 61 11070.95
