1600_con  106.0 44 83 12821.48
1600_con  105.0 42 84 13029.25
1600_con  107.0 58 89 15832.27
800_con  108.0 61 91 16235.30
800_con  107.0 48 80 12864.59
800_con  105.0 40 87 13491.78
400_con  104.0 51 87 13204.53
400_con  102.0 46 91 13497.36
400_con  103.0 61 98 14850.26
200_con  106.0 48 87 18438.96
200_con  107.0 49 91 12893.83
200_con  107.0 58 85 12908.73
100_con  103.0 53 91 12668.71
100_con  104.0 51 82 13119.21
100_con  103.0 52 92 15814.04
75_con  106.0 53 89 17182.50
75_con  107.0 50 81 14004.69
75_con  106.0 55 84 14553.40
60_con  104.0 51 84 12608.09
60_con  107.0 56 87 13891.94
60_con  106.0 49 83 14710.02
50_con  103.0 53 89 13952.61
50_con  102.0 41 83 12803.18
50_con  103.0 44 83 13369.25
45_con  105.0 42 77 14371.80
45_con  105.0 48 91 14945.23
45_con  104.0 43 85 14043.83
40_con  104.0 53 87 12928.69
40_con  104.0 36 79 13174.78
40_con  103.0 54 84 12980.58
35_con  104.0 41 79 14691.72
35_con  106.0 40 85 12755.39
35_con  105.0 46 79 12631.89
30_con  102.97 53 91 14050.25
30_con  104.0 42 88 12929.67
30_con  110.0 39 87 13175.91
20_con  104.0 42 76 12867.92
20_con  105.0 41 81 12669.67
20_con  99.0 31 81 12821.74
