1600_con  87.0 0 0 10092.88
1600_con  87.0 0 0 10038.23
1600_con  87.0 0 0 9991.09
800_con  85.0 0 0 9263.21
800_con  80.0 0 0 9196.49
800_con  92.0 0 1 9351.40
400_con  79.0 0 0 9291.19
400_con  86.0 0 0 9196.28
400_con  77.0 0 0 9190.44
200_con  74.0 0 0 9367.69
200_con  78.0 0 0 9694.54
200_con  75.0 0 0 9361.90
100_con  74.0 0 0 9304.79
100_con  74.0 0 0 8951.00
100_con  75.0 0 0 9559.30
75_con  73.0 0 0 9018.23
75_con  74.0 0 0 9091.49
75_con  77.0 0 0 9325.37
60_con  74.0 0 0 8939.26
60_con  76.0 0 0 8981.21
60_con  72.0 0 0 8822.80
50_con  73.0 0 0 8724.64
50_con  71.0 0 0 8922.52
50_con  74.0 0 0 8835.74
45_con  74.0 0 0 8662.62
45_con  74.0 0 0 8677.52
45_con  74.0 0 0 8761.39
40_con  71.0 0 0 8776.02
40_con  72.0 0 0 8659.30
40_con  73.0 0 0 8440.37
35_con  78.0 0 0 8779.80
35_con  74.0 0 0 8451.23
35_con  75.0 0 0 8465.58
30_con  70.0 0 0 8350.16
30_con  72.0 0 0 8333.19
30_con  78.0 0 0 8493.38
20_con  77.0 0 0 8073.37
20_con  68.0 0 0 7882.38
20_con  70.0 0 0 8168.50
