1600_con  107.0 26 44 13326.06
1600_con  108.0 18 36 13028.77
1600_con  105.0 19 33 12303.41
800_con  98.0 1 15 12155.80
800_con  100.0 1 14 11924.12
800_con  99.0 3 12 12158.58
400_con  100.0 2 8 11879.50
400_con  92.0 0 2 11372.94
400_con  95.0 1 3 11170.64
200_con  92.0 0 3 10112.25
200_con  91.0 0 4 10485.20
200_con  102.0 1 3 9732.86
100_con  98.0 1 2 10218.00
100_con  99.0 3 8 10055.85
100_con  102.0 3 5 10044.40
75_con  105.0 6 16 10254.52
75_con  94.0 0 1 9598.01
75_con  91.0 0 1 9507.66
60_con  85.0 0 0 9691.53
60_con  89.0 0 0 9961.94
60_con  88.0 0 0 9487.55
50_con  84.0 0 0 9506.77
50_con  101.0 2 5 9599.13
50_con  87.0 0 0 9340.16
45_con  82.0 0 0 9283.94
45_con  84.0 0 0 9452.50
45_con  100.0 1 1 9579.85
40_con  79.0 0 0 9517.76
40_con  81.0 0 0 9672.29
40_con  84.0 0 0 9689.32
35_con  83.0 0 0 9948.95
35_con  82.0 0 0 9840.42
35_con  84.0 0 0 9768.26
30_con  83.0 0 0 9678.80
30_con  79.0 0 0 9734.94
30_con  84.0 0 0 9748.37
20_con  99.0 2 8 10333.20
20_con  88.0 0 0 9493.07
20_con  87.0 0 0 9695.63
