1600_con  107.0 56 85 13237.08
1600_con  110.0 65 94 12964.84
1600_con  108.0 49 87 12815.36
800_con  107.0 55 92 12831.07
800_con  106.0 58 82 13226.01
800_con  107.0 55 90 12433.05
400_con  103.0 46 90 13719.34
400_con  106.0 66 92 13380.02
400_con  107.0 42 85 12623.19
200_con  104.0 44 89 12564.03
200_con  103.0 47 84 12786.29
200_con  105.0 51 91 12817.96
100_con  104.0 44 82 12273.13
100_con  105.0 56 86 12503.88
100_con  105.0 50 84 12328.08
75_con  102.0 53 92 12286.05
75_con  103.0 49 93 12530.18
75_con  104.0 59 86 13221.31
60_con  103.0 59 96 15349.38
60_con  105.0 41 85 12513.31
60_con  105.0 48 88 12838.94
50_con  105.0 47 82 12247.11
50_con  103.0 47 91 12170.40
50_con  105.0 48 89 12296.68
45_con  105.0 46 90 12683.09
45_con  105.0 60 89 12148.18
45_con  105.0 47 76 12267.30
40_con  103.0 57 89 12972.30
40_con  105.0 47 83 13784.45
40_con  103.0 49 85 12544.87
35_con  104.04 42 78 12790.86
35_con  105.0 52 86 12604.30
35_con  105.0 38 83 12478.12
30_con  102.0 42 86 12231.20
30_con  104.0 50 82 12596.14
30_con  105.0 45 87 12539.97
20_con  106.0 46 86 13025.91
20_con  106.0 44 86 13993.38
20_con  102.0 43 89 12498.76
