1600_con  97.0 4 6 11321.99
1600_con  92.0 0 1 10744.37
1600_con  100.0 1 3 11324.01
800_con  88.0 0 0 9849.95
800_con  86.0 0 0 9894.83
800_con  97.0 2 4 10074.98
400_con  90.0 0 1 9639.71
400_con  94.0 0 2 9856.61
400_con  88.0 0 0 9617.63
200_con  88.0 0 0 10051.48
200_con  90.0 0 1 9853.16
200_con  89.0 0 0 9661.27
100_con  85.0 0 0 9983.31
100_con  79.0 0 0 9960.52
100_con  83.0 0 0 10043.00
75_con  80.0 0 0 9571.09
75_con  79.0 0 0 9747.53
75_con  81.0 0 0 9500.05
60_con  81.0 0 0 9704.37
60_con  79.0 0 0 9650.11
60_con  80.0 0 0 9590.06
50_con  78.0 0 0 9588.98
50_con  79.0 0 0 9616.91
50_con  82.0 0 0 9389.52
45_con  85.0 0 0 9459.81
45_con  85.0 0 0 9604.45
45_con  80.0 0 0 9500.00
40_con  77.0 0 0 9210.21
40_con  80.0 0 0 9469.91
40_con  80.0 0 0 9605.59
35_con  76.0 0 0 9099.86
35_con  77.0 0 0 9228.63
35_con  81.0 0 0 9556.30
30_con  76.0 0 0 9182.26
30_con  80.0 0 0 9524.95
30_con  79.0 0 0 9328.11
20_con  79.0 0 0 8816.60
20_con  79.0 0 0 8645.34
20_con  77.0 0 0 8712.14
