1600_con  107.0 26 43 12292.28
1600_con  110.0 39 53 12901.58
1600_con  110.0 31 41 12582.99
800_con  106.0 7 18 10919.67
800_con  104.0 19 28 12342.68
800_con  106.0 20 29 10993.75
400_con  96.0 1 9 11807.61
400_con  103.0 3 8 11763.69
400_con  96.0 2 11 11206.85
200_con  97.0 2 6 10910.77
200_con  89.0 0 0 10834.47
200_con  98.0 2 4 10832.41
100_con  93.0 0 2 9676.23
100_con  96.0 1 5 10398.76
100_con  98.0 3 6 10848.51
75_con  97.0 1 5 10195.03
75_con  95.0 2 5 9939.78
75_con  97.0 7 16 10616.94
60_con  101.0 3 8 9861.07
60_con  86.0 0 0 9499.34
60_con  98.02 2 4 9703.60
50_con  95.0 1 4 9439.76
50_con  103.0 6 7 9583.78
50_con  86.0 0 0 9472.38
45_con  86.0 0 0 9312.32
45_con  90.0 0 1 9747.68
45_con  84.0 0 0 9620.15
40_con  86.0 0 0 9399.94
40_con  88.0 0 0 9180.40
40_con  91.0 0 2 9128.48
35_con  87.0 0 0 9464.50
35_con  86.0 0 0 9331.86
35_con  84.0 0 0 9788.29
30_con  81.0 0 0 9578.89
30_con  84.0 0 0 9692.85
30_con  83.0 0 0 9635.78
20_con  94.0 0 1 9518.83
20_con  85.0 0 0 9644.90
20_con  94.0 0 2 9565.16
