1600_con  109.0 32 55 12446.47
1600_con  108.0 28 46 11615.36
1600_con  107.0 29 45 11050.69
800_con  107.0 33 49 12810.47
800_con  106.0 35 48 13359.73
800_con  108.0 29 50 13214.86
400_con  100.0 6 24 12024.37
400_con  103.0 7 20 11858.26
400_con  101.0 4 17 11503.46
200_con  96.0 2 3 11311.48
200_con  99.0 2 4 11165.67
200_con  94.0 0 5 11139.04
100_con  98.0 2 4 10808.77
100_con  89.0 0 0 9911.27
100_con  101.0 1 3 9834.52
75_con  93.0 0 1 9693.92
75_con  86.0 0 0 9414.42
75_con  101.0 1 3 9715.24
60_con  93.0 0 2 9788.49
60_con  88.0 0 0 9586.46
60_con  88.0 0 0 9284.52
50_con  89.0 0 0 9253.87
50_con  86.0 0 0 9600.25
50_con  96.0 1 4 10077.87
45_con  95.0 1 1 9323.41
45_con  107.0 2 3 9356.78
45_con  88.0 0 0 9098.61
40_con  99.0 3 5 9678.39
40_con  83.0 0 0 9367.48
40_con  87.0 0 0 9469.16
35_con  96.0 2 5 9539.86
35_con  101.0 5 9 10061.23
35_con  98.0 1 1 9264.53
30_con  88.0 0 0 9448.34
30_con  86.0 0 0 9548.50
30_con  82.0 0 0 9741.26
20_con  83.0 0 0 9189.67
20_con  83.0 0 0 9621.58
20_con  80.0 0 0 9182.98
