1600_con  110.0 41 64 12245.04
1600_con  111.0 33 56 12118.13
1600_con  110.0 43 54 12241.40
800_con  111.0 27 49 11329.74
800_con  105.0 36 65 13353.20
800_con  108.0 30 47 12436.54
400_con  109.0 20 33 11633.09
400_con  110.0 20 42 11402.02
400_con  106.0 31 50 12997.34
200_con  96.0 3 11 10940.73
200_con  101.0 4 8 11037.17
200_con  96.0 1 2 10483.47
100_con  99.0 4 7 9952.10
100_con  92.0 0 5 10135.69
100_con  96.0 1 6 9927.38
75_con  99.0 3 4 9592.47
75_con  104.0 1 1 9625.62
75_con  97.0 1 3 9900.92
60_con  90.0 0 1 9935.33
60_con  93.0 0 1 9276.08
60_con  96.04 1 2 10264.46
50_con  91.0 0 1 9324.52
50_con  96.0 1 3 9241.97
50_con  86.0 0 0 9359.78
45_con  89.0 0 0 9421.27
45_con  90.0 0 2 9111.87
45_con  85.0 0 0 9077.28
40_con  86.0 0 0 9198.02
40_con  87.0 0 0 9164.84
40_con  89.0 0 0 9025.21
35_con  89.0 0 0 9026.21
35_con  90.0 0 1 9214.87
35_con  90.0 0 1 9254.08
30_con  86.0 0 0 9121.62
30_con  87.0 0 0 9019.00
30_con  97.0 2 2 9094.26
20_con  90.0 0 1 8566.31
20_con  86.0 0 0 9061.93
20_con  87.0 0 0 9265.15
