1600_con  105.0 61 91 11895.84
1600_con  108.0 53 86 12349.75
1600_con  108.0 52 88 12025.48
800_con  105.0 59 87 13127.48
800_con  104.0 58 90 13316.93
800_con  109.0 51 89 11799.91
400_con  103.0 46 89 12671.10
400_con  103.0 44 89 12473.02
400_con  105.0 46 87 13704.62
200_con  104.0 77 98 18630.20
200_con  104.0 52 86 12413.63
200_con  106.0 48 87 12112.70
100_con  105.0 53 84 12445.12
100_con  107.0 53 88 13274.56
100_con  107.0 52 83 14053.36
75_con  106.0 56 84 12453.50
75_con  105.0 52 83 12086.52
75_con  103.0 56 84 12687.29
60_con  106.0 43 76 12393.49
60_con  108.0 59 92 12506.21
60_con  104.0 52 82 14111.12
50_con  103.0 53 91 12615.36
50_con  107.0 50 83 12896.96
50_con  105.0 58 83 13661.21
45_con  107.0 59 83 14448.19
45_con  106.0 50 81 12524.85
45_con  106.0 52 88 12010.79
40_con  105.0 54 88 13320.74
40_con  106.0 48 82 11954.65
40_con  105.0 54 86 12145.31
35_con  105.0 46 81 12255.86
35_con  103.0 47 87 12060.04
35_con  103.0 38 76 13003.80
30_con  106.0 38 70 12334.67
30_con  106.0 39 73 12462.72
30_con  108.0 46 77 13743.48
20_con  105.0 56 85 11998.92
20_con  108.0 47 78 12148.61
20_con  105.0 47 84 12154.39
