100_con  107.0 40 72 12759.82
100_con  108.0 45 78 13364.44
100_con  108.0 44 74 12944.72
75_con  109.0 37 75 13249.84
75_con  108.0 41 72 13712.04
75_con  106.0 42 80 13479.64
50_con  107.0 40 75 13000.09
50_con  108.0 47 84 13595.81
50_con  105.0 40 67 13098.91
40_con  107.0 42 70 12928.28
40_con  109.0 50 71 13467.60
40_con  106.0 40 81 13158.21
30_con  107.0 33 70 12378.75
30_con  108.0 39 74 14608.56
30_con  106.0 37 74 12296.94
20_con  103.0 36 71 12665.13
20_con  107.0 44 70 12641.72
20_con  104.95 40 72 12589.00
10_con  108.0 40 77 11522.25
10_con  106.0 36 81 11397.60
10_con  104.0 37 77 11363.68
