100_con  116.0 22 49 11196.11
100_con  105.0 23 57 10992.70
100_con  105.0 30 59 10892.86
75_con  106.0 26 56 10857.00
75_con  107.0 33 67 11051.73
75_con  102.0 19 54 11042.92
50_con  104.0 14 45 10917.48
50_con  104.0 32 66 11475.62
50_con  101.0 24 60 11528.30
40_con  100.0 13 41 10710.58
40_con  101.0 13 42 10704.68
40_con  103.0 21 49 10583.83
30_con  101.0 14 47 10540.24
30_con  108.0 24 53 10111.35
30_con  106.0 20 47 9998.06
20_con  100.0 11 49 9491.77
20_con  104.0 17 43 10019.61
20_con  102.0 26 55 9540.05
10_con  99.0 7 34 8730.08
10_con  105.0 9 42 8698.74
10_con  102.0 14 42 8549.90
