100_con  105.0 41 74 10394.19
100_con  107.0 28 61 9244.35
100_con  109.0 32 64 9242.66
75_con  104.0 32 62 9339.30
75_con  110.0 49 71 11384.57
75_con  102.0 18 64 9092.69
50_con  105.0 38 64 10076.03
50_con  111.0 43 64 9838.26
50_con  105.0 29 70 9331.47
40_con  105.0 28 58 9376.64
40_con  102.0 25 57 9207.45
40_con  108.0 25 61 9263.85
30_con  106.0 29 60 9309.83
30_con  103.0 29 62 9279.37
30_con  104.0 25 52 9264.20
20_con  104.0 33 68 10168.75
20_con  103.0 30 67 8992.11
20_con  105.0 32 62 8971.24
10_con  104.0 29 61 8365.17
10_con  106.0 37 67 8518.69
10_con  105.0 27 62 8334.39
