400_con  103.0 17 53 13439.56
400_con  103.0 23 56 13369.91
400_con  105.0 27 66 13575.02
200_con  104.0 6 34 12345.84
200_con  101.0 8 26 11704.45
200_con  96.0 2 15 11970.96
100_con  98.0 5 8 10685.91
100_con  94.0 0 5 10575.20
100_con  93.0 0 4 10676.47
75_con  95.0 1 5 9934.42
75_con  92.0 0 4 9986.20
75_con  101.0 2 10 10078.00
50_con  93.0 0 5 9562.72
50_con  93.0 0 2 9188.53
50_con  93.0 0 6 9524.89
40_con  92.0 0 3 9114.43
40_con  92.0 0 2 9105.03
40_con  92.0 0 1 9278.59
30_con  92.0 0 1 8638.19
30_con  93.0 0 4 8593.34
30_con  91.0 0 1 8895.19
20_con  76.0 0 0 6665.14
20_con  77.0 0 0 6778.53
20_con  77.0 0 0 6707.92
10_con  75.0 0 0 5823.71
10_con  77.0 0 0 5670.37
10_con  80.0 0 0 5507.00
