400_con  104.0 8 34 9804.31
400_con  95.0 2 23 10466.09
400_con  97.0 3 16 10555.38
200_con  100.0 3 23 10042.17
200_con  98.0 3 24 9659.75
200_con  101.0 3 23 9762.96
100_con  97.0 1 11 8420.55
100_con  92.0 0 6 8609.66
100_con  99.0 3 8 8392.17
75_con  99.0 3 13 8013.10
75_con  93.0 0 3 8226.12
75_con  97.0 1 11 7912.38
50_con  90.0 0 1 7063.42
50_con  90.0 0 1 6895.08
50_con  91.0 0 1 7412.63
40_con  90.0 0 1 6529.67
40_con  87.0 0 0 6592.59
40_con  91.0 0 2 6491.82
30_con  79.0 0 0 5658.15
30_con  87.0 0 0 5540.27
30_con  81.0 0 0 5762.13
20_con  63.0 0 0 4220.71
20_con  66.0 0 0 4286.68
20_con  65.0 0 0 4210.76
10_con  66.0 0 0 3336.73
10_con  65.0 0 0 3204.47
10_con  63.0 0 0 3321.40
