100_con  101.0 13 39 9049.68
100_con  103.0 16 38 8770.83
100_con  106.0 18 44 8941.51
75_con  102.0 6 30 8966.83
75_con  102.0 8 24 9088.14
75_con  104.0 16 37 8901.26
50_con  104.0 13 31 8904.20
50_con  98.0 6 28 8738.46
50_con  99.0 11 34 9023.55
40_con  102.0 14 40 8463.29
40_con  100.0 16 39 8677.25
40_con  101.0 16 36 8668.15
30_con  98.0 7 32 8528.13
30_con  101.0 10 34 8339.69
30_con  105.0 21 45 8706.21
20_con  101.0 5 28 7994.69
20_con  101.0 13 35 8022.11
20_con  100.0 9 32 7958.26
10_con  102.0 8 23 6938.00
10_con  99.0 4 18 6917.70
10_con  99.0 2 16 6802.16
