400_con  110.0 38 60 12836.31
400_con  102.0 23 65 13232.11
400_con  101.0 19 78 13186.12
200_con  104.0 25 76 12607.02
200_con  102.0 24 71 12034.46
200_con  107.0 23 67 12601.67
100_con  101.0 20 62 11601.48
100_con  107.0 26 61 11569.99
100_con  103.0 20 61 11613.85
75_con  102.0 18 70 11351.49
75_con  103.0 19 67 11050.39
75_con  100.0 17 81 11097.92
50_con  103.0 17 77 10468.68
50_con  100.0 14 81 10506.27
50_con  105.0 22 76 10685.10
40_con  105.0 21 75 9868.36
40_con  102.0 23 69 10150.80
40_con  103.0 23 72 10061.73
30_con  110.0 21 79 9731.45
30_con  105.0 26 77 9429.70
30_con  114.0 26 71 9256.46
20_con  105.0 22 84 8324.29
20_con  105.0 16 87 8224.98
20_con  103.0 31 67 8423.69
10_con  100.0 20 70 6513.95
10_con  106.0 21 68 6537.55
10_con  103.0 23 67 6606.21
