400_con  109.0 35 69 9712.08
400_con  105.0 31 64 9676.29
400_con  106.0 37 64 10637.15
200_con  105.0 23 65 9178.70
200_con  104.0 35 62 9316.52
200_con  102.0 19 61 9254.41
100_con  102.0 28 73 8765.61
100_con  106.0 25 64 8921.67
100_con  103.0 25 60 8904.45
75_con  108.0 30 64 8461.47
75_con  104.0 23 70 8477.30
75_con  102.0 26 64 8640.22
50_con  109.0 32 64 7782.45
50_con  108.0 35 73 7919.54
50_con  102.0 14 76 8057.45
40_con  101.0 26 77 7940.45
40_con  106.0 31 70 7975.17
40_con  109.0 30 72 7553.12
30_con  107.0 33 67 7292.93
30_con  103.0 19 77 7119.16
30_con  109.0 35 76 7245.99
20_con  107.0 38 75 6350.93
20_con  106.0 35 74 6383.07
20_con  106.0 31 84 6980.52
10_con  108.0 32 71 4783.19
10_con  107.0 28 74 4708.20
10_con  104.0 21 76 4728.51
