100_con  109.0 45 76 14901.93
100_con  106.0 37 83 14572.19
100_con  106.0 32 72 14271.40
75_con  105.0 41 78 14854.27
75_con  107.0 36 64 14080.93
75_con  108.0 34 71 14362.67
50_con  104.0 35 70 13898.15
50_con  105.0 29 74 13754.11
50_con  104.0 41 79 14893.22
40_con  104.0 31 72 13645.01
40_con  104.0 31 77 13879.54
40_con  106.0 34 71 13939.44
30_con  106.0 28 68 13047.13
30_con  106.0 32 66 13143.74
30_con  108.0 34 73 13113.90
20_con  105.0 34 69 12705.03
20_con  104.0 35 75 12365.34
20_con  105.0 31 72 12722.46
10_con  104.0 21 52 10845.59
10_con  101.0 14 65 11133.73
10_con  103.0 25 63 11285.66
