100_con  105.0 27 50 7124.31
100_con  101.0 21 45 7126.11
100_con  100.0 17 53 7286.89
75_con  105.0 22 54 7320.95
75_con  102.0 13 53 7335.80
75_con  105.0 13 45 7233.99
50_con  98.0 13 28 7449.37
50_con  104.0 17 43 7369.16
50_con  104.0 12 37 7395.53
40_con  105.0 24 53 7295.30
40_con  106.0 15 42 7228.15
40_con  104.0 24 44 7420.88
30_con  102.0 16 38 7314.12
30_con  101.0 16 38 7161.67
30_con  109.0 25 51 7361.43
20_con  99.0 19 48 7063.28
20_con  100.0 11 33 7158.61
20_con  103.0 14 45 6845.14
10_con  103.0 25 56 6801.70
10_con  107.0 42 63 6987.89
10_con  103.0 25 59 6613.85
