12800_con  99.9 20 61 12159.37 93.3 0 4 99.9 1 6 99.9 4 11 93.3 0 2 
12800_con  99.9 12 51 11402.09 93.3 0 2 99.9 2 6 99.9 2 8 86.7 0 0 
12800_con  99.9 22 63 12062.47 93.3 0 4 93.3 0 5 99.9 2 12 93.3 0 2 
6400_con  99.9 18 53 11107.14 93.3 0 1 87.5 0 0 99.9 2 4 80.0 0 0 
6400_con  99.9 25 72 11336.27 93.3 0 2 86.7 0 0 93.3 0 2 86.7 0 0 
6400_con  99.9 19 64 11343.02 86.7 0 0 81.2 0 0 93.3 0 4 81.2 0 0 
3200_con  99.9 26 62 11441.42 86.7 0 0 99.9 1 2 93.3 0 3 93.3 0 1 
3200_con  99.9 21 62 11018.67 80.0 0 0 86.7 0 0 99.9 1 2 73.3 0 0 
3200_con  99.9 17 71 11114.32 86.7 0 0 86.7 0 0 99.9 1 1 86.7 0 0
1600_con  99.9 16 57 11152.51 80.0 0 0 93.3 0 2 86.7 0 0 73.3 0 0 
1600_con  99.9 9 53 11083.39 80.0 0 0 73.3 0 0 86.7 0 0 66.7 0 0 
1600_con  99.9 14 50 10998.21 73.3 0 0 80.0 0 0 80.0 0 0 62.5 0 0 
800_con  99.9 2 42 10743.47 73.3 0 0 73.3 0 0 73.3 0 0 53.3 0 0 
800_con  99.9 9 39 11105.56 73.3 0 0 75.0 0 0 80.0 0 0 60.0 0 0 
800_con  99.9 18 43 11657.29 80.0 0 0 80.0 0 0 80.0 0 0 73.3 0 0 
400_con  99.9 3 34 10698.21 73.3 0 0 80.0 0 0 80.0 0 0 60.0 0 0 
400_con  99.9 1 24 10422.67 73.3 0 0 73.3 0 0 73.3 0 0 75.0 0 0 
400_con  99.9 1 18 10666.43 73.3 0 0 73.3 0 0 80.0 0 0 66.7 0 0 
200_con  99.9 1 19 9683.73 73.3 0 0 80.0 0 0 73.3 0 0 60.0 0 0 
200_con  93.3 0 17 9667.04 80.0 0 0 73.3 0 0 66.7 0 0 53.3 0 0 
200_con  99.9 1 15 9823.40 80.0 0 0 73.3 0 0 66.7 0 0 60.0 0 0 
100_con  93.3 0 1 8720.06 73.3 0 0 66.7 0 0 66.7 0 0 53.3 0 0 
100_con  93.3 0 8 8534.00 73.3 0 0 80.0 0 0 73.3 0 0 53.3 0 0 
100_con  93.3 0 13 8117.85 66.7 0 0 66.7 0 0 66.7 0 0 53.3 0 0 
75_con  99.9 1 5 8030.72 60.0 0 0 66.7 0 0 73.3 0 0 50.0 0 0 
75_con  93.3 0 4 8052.70 66.7 0 0 73.3 0 0 60.0 0 0 46.7 0 0 
75_con  93.3 0 4 8103.05 66.7 0 0 66.7 0 0 68.8 0 0 50.0 0 0 
50_con  93.3 0 2 7028.63 66.7 0 0 66.7 0 0 60.0 0 0 53.3 0 0 
50_con  93.3 0 1 7193.83 66.7 0 0 66.7 0 0 66.7 0 0 53.3 0 0 
50_con  86.7 0 0 7216.29 60.0 0 0 60.0 0 0 60.0 0 0 53.3 0 0 
40_con  86.7 0 0 6487.87 66.7 0 0 66.7 0 0 68.8 0 0 46.7 0 0 
40_con  93.3 0 1 6611.03 60.0 0 0 66.7 0 0 60.0 0 0 46.7 0 0 
40_con  86.7 0 0 6514.06 62.5 0 0 66.7 0 0 62.5 0 0 46.7 0 0 
30_con  86.7 0 0 5925.95 60.0 0 0 66.7 0 0 60.0 0 0 46.7 0 0 
30_con  86.7 0 0 5567.49 66.7 0 0 66.7 0 0 66.7 0 0 46.7 0 0 
30_con  86.7 0 0 5672.70 62.5 0 0 60.0 0 0 60.0 0 0 46.7 0 0 
20_con  73.3 0 0 4235.65 60.0 0 0 66.7 0 0 60.0 0 0 40.0 0 0 
20_con  80.0 0 0 4208.88 53.3 0 0 46.7 0 0 46.7 0 0 40.0 0 0 
20_con  80.0 0 0 4211.82 53.3 0 0 60.0 0 0 66.7 0 0 43.8 0 0 
10_con  93.3 0 1 3350.13 60.0 0 0 60.0 0 0 60.0 0 0 46.7 0 0 
10_con  73.3 0 0 3561.46 46.7 0 0 53.3 0 0 53.3 0 0 40.0 0 0 
10_con  80.0 0 0 3455.40 53.3 0 0 53.3 0 0 53.3 0 0 40.0 0 0 
