12800_con  99.9 39 79 10815.13 93.3 0 1 93.3 0 1 93.3 0 1 86.7 0 0 
12800_con  99.9 20 71 10003.05 86.7 0 0 86.7 0 0 86.7 0 0 86.7 0 0 
12800_con  99.9 21 67 10143.07 93.3 0 1 80.0 0 0 80.0 0 0 86.7 0 0 
6400_con  99.9 16 61 10452.41 86.7 0 0 93.3 0 1 86.7 0 0 80.0 0 0 
6400_con  99.9 23 62 10017.92 93.3 0 2 93.3 0 1 93.3 0 1 86.7 0 0 
6400_con  99.9 27 75 10234.29 80.0 0 0 86.7 0 0 80.0 0 0 80.0 0 0 
3200_con  99.9 15 55 9556.79 80.0 0 0 73.3 0 0 73.3 0 0 86.7 0 0 
3200_con  99.9 26 63 9631.37 93.3 0 1 99.9 1 1 93.3 0 1 93.3 0 1 
3200_con  99.9 23 59 10588.05 86.7 0 0 86.7 0 0 80.0 0 0 86.7 0 0 
1600_con  99.9 17 56 9389.74 73.3 0 0 80.0 0 0 75.0 0 0 73.3 0 0 
1600_con  99.9 19 68 9577.47 68.8 0 0 80.0 0 0 73.3 0 0 68.8 0 0 
1600_con  99.9 31 74 11174.78 73.3 0 0 99.9 1 1 93.3 0 1 99.9 1 2 
800_con  99.9 17 68 9119.55 56.2 0 0 66.7 0 0 66.7 0 0 66.7 0 0 
800_con  99.9 32 75 9235.27 53.3 0 0 53.3 0 0 60.0 0 0 60.0 0 0 
800_con  99.9 37 82 13322.62 73.3 0 0 73.3 0 0 73.3 0 0 86.7 0 0 
400_con  99.9 13 59 9480.38 66.7 0 0 60.0 0 0 60.0 0 0 66.7 0 0 
400_con  99.9 13 71 9406.79 60.0 0 0 60.0 0 0 53.3 0 0 60.0 0 0 
400_con  99.9 18 63 9186.00 56.2 0 0 60.0 0 0 53.3 0 0 53.3 0 0 
200_con  99.9 14 62 9392.42 60.0 0 0 60.0 0 0 53.3 0 0 53.3 0 0 
200_con  99.9 6 48 9438.96 53.3 0 0 60.0 0 0 53.3 0 0 60.0 0 0 
200_con  99.9 7 56 9209.72 53.3 0 0 53.3 0 0 53.3 0 0 53.3 0 0 
100_con  99.9 9 58 9367.39 66.7 0 0 53.3 0 0 66.7 0 0 53.3 0 0 
100_con  99.9 3 46 9697.21 60.0 0 0 56.2 0 0 53.3 0 0 60.0 0 0 
100_con  99.9 11 54 9881.82 60.0 0 0 53.3 0 0 53.3 0 0 53.3 0 0 
75_con  99.9 8 45 9491.10 53.3 0 0 53.3 0 0 53.3 0 0 53.3 0 0 
75_con  99.9 5 45 9410.43 60.0 0 0 60.0 0 0 53.3 0 0 60.0 0 0 
75_con  99.9 1 38 9580.51 60.0 0 0 53.3 0 0 53.3 0 0 53.3 0 0 
50_con  99.9 10 60 8971.80 66.7 0 0 60.0 0 0 62.5 0 0 66.7 0 0 
50_con  99.9 12 64 9416.63 66.7 0 0 60.0 0 0 60.0 0 0 60.0 0 0 
50_con  99.9 6 53 10078.28 66.7 0 0 66.7 0 0 73.3 0 0 73.3 0 0 
40_con  99.9 17 61 10778.53 73.3 0 0 73.3 0 0 73.3 0 0 80.0 0 0 
40_con  99.9 7 49 9227.89 53.3 0 0 60.0 0 0 53.3 0 0 53.3 0 0 
40_con  99.9 10 48 9360.43 66.7 0 0 60.0 0 0 53.3 0 0 53.3 0 0 
30_con  99.9 5 48 9073.11 53.3 0 0 50.0 0 0 53.3 0 0 66.7 0 0 
30_con  99.9 2 56 8833.13 46.7 0 0 46.7 0 0 53.3 0 0 56.2 0 0 
30_con  99.9 13 53 9172.71 53.3 0 0 53.3 0 0 53.3 0 0 53.3 0 0 
20_con  99.9 7 57 8594.22 50.0 0 0 53.3 0 0 53.3 0 0 46.7 0 0 
20_con  99.9 7 45 8506.74 53.3 0 0 53.3 0 0 53.3 0 0 53.3 0 0 
20_con  99.9 6 59 8580.73 53.3 0 0 53.3 0 0 53.3 0 0 53.3 0 0 
10_con  99.9 20 73 8570.39 66.7 0 0 66.7 0 0 60.0 0 0 60.0 0 0 
10_con  99.9 10 71 7768.01 53.3 0 0 53.3 0 0 53.3 0 0 56.2 0 0 
10_con  99.9 13 58 7876.45 53.3 0 0 53.3 0 0 50.0 0 0 53.3 0 0 
