12800_con  99.9 26 64 15114.07 99.9 4 18 99.9 1 3 
12800_con  99.9 21 66 16785.79 99.9 4 22 93.3 0 6 
12800_con  99.9 17 62 14923.00 99.9 1 5 93.3 0 2
6400_con  99.9 31 72 14167.62 99.9 1 5 93.3 0 1 
6400_con  99.9 32 73 15420.83 99.9 1 8 93.3 0 1 
6400_con  99.9 29 70 15643.77 99.9 3 10 93.3 0 3 
3200_con  99.9 27 69 13980.33 93.3 0 1 80.0 0 0 
3200_con  99.9 36 77 14187.17 93.3 0 2 80.0 0 0 
3200_con  99.9 30 69 15734.76 93.8 0 11 86.7 0 0 
1600_con  99.9 26 63 15424.36 93.3 0 3 80.0 0 0 
1600_con  99.9 21 74 13882.59 86.7 0 0 73.3 0 0 
1600_con  99.9 28 71 14227.06 93.3 0 2 66.7 0 0 
800_con  99.9 14 52 14114.41 80.0 0 0 66.7 0 0 
800_con  99.9 9 56 14116.30 86.7 0 0 73.3 0 0 
800_con  99.9 10 62 13805.12 80.0 0 0 66.7 0 0 
400_con  99.9 12 55 13565.50 86.7 0 0 66.7 0 0 
400_con  99.9 7 55 13545.87 93.3 0 1 80.0 0 0 
400_con  99.9 6 40 13407.24 80.0 0 0 66.7 0 0 
200_con  99.9 1 14 11842.74 80.0 0 0 68.8 0 0 
200_con  93.3 0 11 12150.67 73.3 0 0 73.3 0 0 
200_con  99.9 2 18 11929.52 80.0 0 0 60.0 0 0 
100_con  93.3 0 9 10510.98 73.3 0 0 66.7 0 0 
100_con  93.3 0 6 10812.94 73.3 0 0 60.0 0 0 
100_con  93.3 0 4 10826.84 73.3 0 0 53.3 0 0 
75_con  93.3 0 4 10131.38 73.3 0 0 60.0 0 0 
75_con  93.3 0 5 10179.88 66.7 0 0 53.3 0 0 
75_con  93.3 0 2 9931.98 73.3 0 0 60.0 0 0 
50_con  93.3 0 1 9403.55 73.3 0 0 53.3 0 0 
50_con  93.3 0 3 9402.77 66.7 0 0 53.3 0 0 
50_con  93.3 0 1 9444.10 66.7 0 0 66.7 0 0 
40_con  93.3 0 2 8620.48 73.3 0 0 66.7 0 0 
40_con  93.3 0 4 8776.81 80.0 0 0 60.0 0 0 
40_con  93.3 0 3 8891.25 66.7 0 0 60.0 0 0 
30_con  93.3 0 3 8712.93 73.3 0 0 53.3 0 0 
30_con  86.7 0 0 8328.02 73.3 0 0 60.0 0 0 
30_con  86.7 0 0 8519.74 73.3 0 0 53.3 0 0 
20_con  73.3 0 0 6703.92 53.3 0 0 46.7 0 0 
20_con  75.0 0 0 6576.23 56.2 0 0 46.7 0 0 
20_con  86.7 0 0 6841.97 60.0 0 0 46.7 0 0 
10_con  86.7 0 0 5852.89 73.3 0 0 53.3 0 0 
10_con  93.3 0 1 5641.49 73.3 0 0 53.3 0 0 
10_con  86.7 0 0 5313.21 66.7 0 0 53.3 0 0 
