12800_con  99.9 20 57 14988.20 99.9 16 35 99.9 4 7 
12800_con  99.9 22 62 15980.27 99.9 15 37 99.9 8 16 
12800_con  99.9 33 74 16415.65 99.9 21 40 99.9 4 11
6400_con  99.9 24 65 16382.29 99.9 13 32 99.9 1 9 
6400_con  99.9 37 78 18946.98 99.9 21 52 99.9 2 10 
6400_con  99.9 34 80 18555.28 99.9 18 32 99.9 5 15 
3200_con  99.9 39 77 18349.66 99.9 14 43 99.9 3 6 
3200_con  99.9 30 60 16227.14 99.9 20 39 99.9 1 7 
3200_con  99.9 28 70 16967.42 99.9 9 24 99.9 2 9 
1600_con  99.9 16 75 15910.21 99.9 3 23 86.7 0 0 
1600_con  99.9 34 74 15786.94 99.9 2 16 93.3 0 5 
1600_con  99.9 24 62 14816.29 99.9 3 10 93.3 0 6 
800_con  99.9 32 82 17900.00 99.9 6 41 93.3 0 1 
800_con  99.9 20 71 14401.25 99.9 1 10 86.7 0 0 
800_con  99.9 26 73 15972.21 99.9 1 13 93.3 0 1 
400_con  99.9 31 74 17681.59 99.9 5 31 86.7 0 0 
400_con  99.9 25 74 14717.19 93.3 0 2 80.0 0 0 
400_con  99.9 30 79 17545.57 99.9 2 19 80.0 0 0 
200_con  99.9 19 73 14197.43 86.7 0 0 80.0 0 0 
200_con  99.9 32 78 14946.45 93.3 0 1 73.3 0 0 
200_con  99.9 22 81 14558.96 93.3 0 1 66.7 0 0 
100_con  99.9 23 68 14162.48 93.3 0 2 73.3 0 0 
100_con  99.9 27 72 14359.02 99.9 1 4 73.3 0 0 
100_con  99.9 14 73 14384.23 99.9 1 4 75.0 0 0 
75_con  99.9 23 64 14236.22 93.3 0 1 80.0 0 0 
75_con  99.9 16 70 14160.25 86.7 0 0 60.0 0 0 
75_con  99.9 26 73 14518.58 93.3 0 2 73.3 0 0 
50_con  99.9 13 70 13805.01 86.7 0 0 66.7 0 0 
50_con  99.9 9 53 13649.42 87.5 0 0 66.7 0 0 
50_con  99.9 20 66 13442.90 93.8 0 1 66.7 0 0 
40_con  99.9 24 68 13822.24 86.7 0 0 62.5 0 0 
40_con  99.9 17 64 13196.12 86.7 0 0 66.7 0 0 
40_con  99.9 25 68 13760.58 99.9 1 3 73.3 0 0 
30_con  99.9 23 67 12841.13 93.3 0 1 66.7 0 0 
30_con  99.9 7 66 12778.05 86.7 0 0 73.3 0 0 
30_con  99.9 22 68 12988.32 93.3 0 3 86.7 0 0 
20_con  99.9 14 66 12271.46 80.0 0 0 66.7 0 0 
20_con  99.9 7 56 12253.32 87.5 0 0 68.8 0 0 
20_con  99.9 7 53 12163.21 80.0 0 0 73.3 0 0 
10_con  99.9 3 48 10740.93 80.0 0 0 60.0 0 0 
10_con  99.9 9 47 10377.95 80.0 0 0 66.7 0 0 
10_con  99.9 12 53 10602.13 73.3 0 0 60.0 0 0 
