12800_con  99.9 34 69 15804.20 99.9 14 40 99.9 1 11 
12800_con  99.9 28 68 15128.23 99.9 17 45 99.9 4 11 
12800_con  99.9 31 67 15819.92 99.9 14 40 99.9 2 13 
6400_con  99.9 34 78 17827.09 99.9 15 56 99.9 2 13 
6400_con  99.9 24 71 16302.20 99.9 15 35 99.9 2 6 
6400_con  99.9 35 75 15598.92 99.9 8 24 99.9 9 11 
3200_con  99.9 30 74 17285.70 99.9 15 38 99.9 4 12 
3200_con  99.9 42 86 18537.16 99.9 20 60 99.9 3 6 
3200_con  99.9 24 66 15716.00 99.9 4 22 93.3 0 6 
1600_con  99.9 38 75 17251.52 99.9 6 27 93.8 0 2 
1600_con  99.9 36 85 17865.93 99.9 10 41 99.9 1 3 
1600_con  99.9 29 66 15989.89 99.9 7 21 99.9 3 4 
800_con  99.9 39 77 18766.47 99.9 6 44 93.8 0 5 
800_con  99.9 32 80 19553.05 99.9 10 47 93.8 0 2 
800_con  99.9 31 76 15400.35 99.9 5 16 93.3 0 1 
400_con  99.9 30 75 14131.21 99.9 1 3 80.0 0 0 
400_con  99.9 30 77 15490.97 99.9 1 8 99.9 1 1 
400_con  99.9 32 66 15388.77 99.9 2 8 86.7 0 0 
200_con  99.9 30 77 14089.45 93.3 0 3 73.3 0 0 
200_con  99.9 25 67 13700.54 93.3 0 1 73.3 0 0 
200_con  99.9 35 76 14442.59 93.8 0 3 73.3 0 0 
100_con  99.9 21 67 14791.54 93.3 0 4 80.0 0 0 
100_con  99.9 22 67 13966.34 86.7 0 0 60.0 0 0 
100_con  99.9 20 74 14735.33 86.7 0 0 66.7 0 0 
75_con  99.9 16 57 13883.51 86.7 0 0 68.8 0 0 
75_con  99.9 22 58 14407.60 93.3 0 1 80.0 0 0 
75_con  99.9 23 72 14191.05 86.7 0 0 66.7 0 0 
50_con  99.9 30 71 14042.18 99.9 1 5 73.3 0 0 
50_con  99.9 25 74 14212.53 93.3 0 2 75.0 0 0 
50_con  99.9 10 62 13691.65 93.3 0 1 66.7 0 0 
40_con  99.9 20 72 13875.14 93.3 0 1 73.3 0 0 
40_con  99.9 15 68 14279.29 99.9 2 6 80.0 0 0 
40_con  99.9 18 72 13994.72 87.5 0 0 75.0 0 0 
30_con  99.9 13 63 13542.50 93.3 0 1 73.3 0 0 
30_con  99.9 14 66 13030.07 86.7 0 0 66.7 0 0 
30_con  99.9 17 62 13438.74 86.7 0 0 66.7 0 0 
20_con  99.9 22 73 13395.48 86.7 0 0 66.7 0 0 
20_con  99.9 14 67 12336.96 86.7 0 0 66.7 0 0 
20_con  99.9 15 55 12471.18 86.7 0 0 73.3 0 0 
10_con  99.9 13 60 11027.31 86.7 0 0 60.0 0 0 
10_con  99.9 9 47 11143.19 81.2 0 0 62.5 0 0 
10_con  99.9 14 56 11223.25 86.7 0 0 66.7 0 0 
1_con  99.9 34 72 6506.83 86.7 0 0 80.0 0 0 
1_con  99.9 26 78 7042.39 86.7 0 0 80.0 0 0 
1_con  99.9 27 71 6692.51 93.3 0 1 73.3 0 0 
