12800_con  99.9 32 75 17535.12 99.9 2 6 93.3 0 5 
12800_con  99.9 26 72 15556.36 93.3 0 1 93.3 0 2 
12800_con  99.9 26 67 14885.64 93.3 0 2 93.3 0 4 
6400_con  99.9 28 78 15725.85 99.9 1 1 93.3 0 2 
6400_con  99.9 42 76 14091.15 86.7 0 0 80.0 0 0 
6400_con  99.9 43 78 16934.33 93.3 0 1 93.3 0 1 
3200_con  99.9 37 72 13795.57 73.3 0 0 86.7 0 0 
3200_con  99.9 31 74 14466.23 73.3 0 0 86.7 0 0 
3200_con  99.9 44 78 14948.89 81.2 0 0 81.2 0 0 
1600_con  99.9 38 73 14837.93 80.0 0 0 66.7 0 0 
1600_con  99.9 34 80 13902.37 66.7 0 0 60.0 0 0 
1600_con  99.9 27 69 14307.42 73.3 0 0 73.3 0 0 
800_con  99.9 31 67 13382.71 80.0 0 0 73.3 0 0 
800_con  99.9 21 67 13564.35 73.3 0 0 73.3 0 0 
800_con  99.9 19 66 14310.03 80.0 0 0 73.3 0 0 
400_con  99.9 16 69 12696.22 66.7 0 0 66.7 0 0 
400_con  99.9 9 60 13185.58 66.7 0 0 80.0 0 0 
400_con  99.9 18 61 13094.44 66.7 0 0 66.7 0 0 
200_con  99.9 14 61 12415.78 60.0 0 0 60.0 0 0 
200_con  99.9 7 56 12456.46 60.0 0 0 60.0 0 0 
200_con  99.9 7 55 12264.65 62.5 0 0 66.7 0 0 
100_con  99.9 10 59 11624.17 66.7 0 0 60.0 0 0 
100_con  99.9 4 52 11626.02 60.0 0 0 60.0 0 0 
100_con  99.9 5 50 11587.34 60.0 0 0 66.7 0 0 
75_con  99.9 16 63 11347.39 60.0 0 0 60.0 0 0 
75_con  99.9 16 66 11601.59 60.0 0 0 60.0 0 0 
75_con  99.9 13 63 11248.52 66.7 0 0 62.5 0 0 
50_con  99.9 11 66 10466.20 60.0 0 0 66.7 0 0 
50_con  99.9 11 60 10521.33 60.0 0 0 66.7 0 0 
50_con  99.9 12 69 10586.04 60.0 0 0 60.0 0 0 
40_con  99.9 16 63 9910.71 60.0 0 0 60.0 0 0 
40_con  99.9 16 69 10166.49 60.0 0 0 60.0 0 0 
40_con  99.9 29 67 9900.64 66.7 0 0 66.7 0 0 
30_con  99.9 14 62 9445.34 53.3 0 0 53.3 0 0 
30_con  99.9 16 70 9498.84 60.0 0 0 66.7 0 0 
30_con  99.9 8 52 9236.94 60.0 0 0 60.0 0 0 
20_con  99.9 20 71 8056.42 60.0 0 0 53.3 0 0 
20_con  99.9 12 74 8355.92 66.7 0 0 60.0 0 0 
20_con  99.9 8 68 8235.41 60.0 0 0 60.0 0 0 
10_con  99.9 13 54 6290.71 60.0 0 0 60.0 0 0 
10_con  99.9 6 50 6513.68 66.7 0 0 66.7 0 0 
10_con  99.9 6 50 6235.14 60.0 0 0 60.0 0 0 
