12800_con  99.9 30 66 11966.15 99.9 7 17 99.9 9 25 99.9 7 21 99.9 3 5 
12800_con  99.9 29 72 12476.36 99.9 7 22 99.9 9 20 99.9 3 14 99.9 2 6 
12800_con  99.9 24 55 11059.35 99.9 6 20 99.9 5 14 99.9 6 18 99.9 1 6
6400_con  99.9 24 52 10852.80 99.9 7 12 99.9 5 11 99.9 6 12 99.9 3 6 
6400_con  99.9 29 65 11589.91 99.9 8 15 99.9 2 16 99.9 6 13 93.8 0 2 
6400_con  99.9 33 67 12434.74 99.9 4 13 99.9 4 15 99.9 8 21 99.9 1 5 
3200_con  99.9 31 66 12538.02 99.9 4 14 99.9 6 17 99.9 6 16 93.3 0 2 
3200_con  99.9 38 73 14832.27 99.9 3 26 99.9 1 26 99.9 12 28 99.9 3 4 
3200_con  99.9 25 62 12157.43 99.9 2 12 99.9 5 11 99.9 6 18 93.8 0 2 
1600_con  99.9 28 67 11531.30 99.9 1 1 99.9 4 12 99.9 3 10 93.3 0 1 
1600_con  99.9 15 53 11237.74 99.9 1 3 99.9 3 7 99.9 3 9 99.9 1 1 
1600_con  99.9 19 55 11628.76 99.9 2 5 99.9 1 6 99.9 1 9 93.8 0 1 
800_con  99.9 22 67 11174.97 93.3 0 2 93.3 0 1 99.9 1 3 86.7 0 0 
800_con  99.9 15 63 11094.80 86.7 0 0 93.3 0 3 93.3 0 4 81.2 0 0 
800_con  99.9 21 61 12251.55 99.9 1 5 99.9 1 3 99.9 3 9 93.3 0 1 
400_con  99.9 15 68 10894.15 93.3 0 1 86.7 0 0 86.7 0 0 81.2 0 0 
400_con  99.9 12 59 11018.37 81.2 0 0 87.5 0 0 99.9 1 2 80.0 0 0 
400_con  99.9 21 66 11315.06 86.7 0 0 93.3 0 1 93.8 0 5 81.2 0 0 
200_con  99.9 5 54 10573.44 73.3 0 0 86.7 0 0 86.7 0 0 60.0 0 0 
200_con  99.9 31 74 12589.14 81.2 0 0 93.3 0 1 93.3 0 1 73.3 0 0 
200_con  99.9 14 59 10831.97 87.5 0 0 93.3 0 1 93.3 0 1 73.3 0 0 
100_con  99.9 13 54 11187.57 86.7 0 0 86.7 0 0 86.7 0 0 68.8 0 0 
100_con  99.9 6 43 10842.36 80.0 0 0 86.7 0 0 80.0 0 0 60.0 0 0 
100_con  99.9 12 53 11283.71 80.0 0 0 80.0 0 0 80.0 0 0 66.7 0 0 
75_con  99.9 6 51 10971.80 80.0 0 0 80.0 0 0 80.0 0 0 60.0 0 0 
75_con  99.9 8 42 10984.97 80.0 0 0 80.0 0 0 80.0 0 0 60.0 0 0 
75_con  99.9 25 68 11765.49 93.3 0 1 86.7 0 0 86.7 0 0 66.7 0 0 
50_con  99.9 6 41 10749.25 80.0 0 0 80.0 0 0 86.7 0 0 60.0 0 0 
50_con  99.9 4 31 10622.10 86.7 0 0 73.3 0 0 80.0 0 0 60.0 0 0 
50_con  99.9 1 40 10691.39 73.3 0 0 73.3 0 0 86.7 0 0 60.0 0 0 
40_con  99.9 8 43 10517.68 80.0 0 0 73.3 0 0 80.0 0 0 66.7 0 0 
40_con  99.9 8 39 11351.26 86.7 0 0 86.7 0 0 86.7 0 0 66.7 0 0 
40_con  99.9 25 66 11024.23 80.0 0 0 86.7 0 0 80.0 0 0 60.0 0 0 
30_con  99.9 2 40 10286.71 80.0 0 0 80.0 0 0 80.0 0 0 60.0 0 0 
30_con  99.9 13 62 10739.03 86.7 0 0 86.7 0 0 80.0 0 0 66.7 0 0 
30_con  99.9 9 41 10130.24 73.3 0 0 73.3 0 0 81.2 0 0 60.0 0 0 
20_con  99.9 11 54 10045.30 86.7 0 0 86.7 0 0 81.2 0 0 73.3 0 0 
20_con  99.9 4 36 9866.65 80.0 0 0 73.3 0 0 73.3 0 0 60.0 0 0 
20_con  93.3 0 34 9725.25 80.0 0 0 80.0 0 0 86.7 0 0 60.0 0 0 
10_con  99.9 2 31 8655.51 73.3 0 0 73.3 0 0 73.3 0 0 53.3 0 0 
10_con  93.8 0 26 8730.53 66.7 0 0 66.7 0 0 66.7 0 0 60.0 0 0 
10_con  99.9 3 31 8688.87 73.3 0 0 66.7 0 0 73.3 0 0 60.0 0 0 
1_con  99.9 4 25 3972.25 66.7 0 0 73.3 0 0 73.3 0 0 60.0 0 0 
1_con  99.9 3 21 3749.49 66.7 0 0 73.3 0 0 73.3 0 0 60.0 0 0 
1_con  99.9 1 17 3813.97 73.3 0 0 73.3 0 0 73.3 0 0 53.3 0 0 
