12800_con  99.9 29 69 10338.20 99.9 1 3 99.9 2 4 99.9 1 3 99.9 2 3 
12800_con  99.9 20 62 9895.02 80.0 0 0 93.3 0 1 81.2 0 0 86.7 0 0 
12800_con  99.9 33 77 10195.10 93.3 0 1 93.3 0 2 99.9 1 2 99.9 1 2 
6400_con  99.9 25 66 10250.68 86.7 0 0 93.3 0 3 87.5 0 0 93.3 0 1 
6400_con  99.9 16 60 9698.17 73.3 0 0 81.2 0 0 86.7 0 0 86.7 0 0 
6400_con  99.9 31 79 10506.59 86.7 0 0 80.0 0 0 93.3 0 1 86.7 0 0 
3200_con  99.9 20 54 9444.04 86.7 0 0 99.9 1 1 86.7 0 0 93.3 0 1 
3200_con  99.9 22 57 10120.03 75.0 0 0 73.3 0 0 86.7 0 0 93.3 0 1 
3200_con  99.9 28 75 9762.72 93.3 0 1 86.7 0 0 93.3 0 1 93.3 0 1 
1600_con  99.9 31 71 9850.08 80.0 0 0 66.7 0 0 80.0 0 0 66.7 0 0 
1600_con  99.9 18 51 10054.08 80.0 0 0 86.7 0 0 75.0 0 0 80.0 0 0 
1600_con  99.9 26 67 10558.50 86.7 0 0 93.3 0 1 86.7 0 0 93.3 0 1 
800_con  99.9 22 61 9373.56 73.3 0 0 73.3 0 0 80.0 0 0 73.3 0 0 
800_con  99.9 17 51 8771.97 86.7 0 0 66.7 0 0 86.7 0 0 80.0 0 0 
800_con  99.9 18 60 8723.75 80.0 0 0 73.3 0 0 99.9 1 1 66.7 0 0 
400_con  99.9 16 57 8974.69 56.2 0 0 66.7 0 0 73.3 0 0 53.3 0 0 
400_con  99.9 16 67 8857.59 66.7 0 0 66.7 0 0 66.7 0 0 66.7 0 0 
400_con  99.9 20 74 8665.13 56.2 0 0 56.2 0 0 56.2 0 0 60.0 0 0 
200_con  99.9 12 65 9286.38 53.3 0 0 53.3 0 0 53.3 0 0 46.7 0 0 
200_con  99.9 17 72 9128.85 60.0 0 0 60.0 0 0 60.0 0 0 66.7 0 0 
200_con  99.9 21 66 9470.88 53.3 0 0 53.3 0 0 66.7 0 0 66.7 0 0 
100_con  99.9 10 54 9384.38 53.3 0 0 53.3 0 0 53.3 0 0 60.0 0 0 
100_con  99.9 6 53 9524.56 53.3 0 0 60.0 0 0 66.7 0 0 60.0 0 0 
100_con  99.9 13 52 9262.01 56.2 0 0 60.0 0 0 60.0 0 0 56.2 0 0 
75_con  99.9 8 54 9542.78 53.3 0 0 53.3 0 0 60.0 0 0 60.0 0 0 
75_con  99.9 5 41 9590.28 53.3 0 0 50.0 0 0 53.3 0 0 53.3 0 0 
75_con  99.9 7 53 9369.14 60.0 0 0 66.7 0 0 60.0 0 0 60.0 0 0 
50_con  99.9 8 46 9493.32 53.3 0 0 60.0 0 0 53.3 0 0 46.7 0 0 
50_con  99.9 2 40 9499.74 53.3 0 0 50.0 0 0 56.2 0 0 53.3 0 0 
50_con  99.9 6 48 9345.93 53.3 0 0 53.3 0 0 46.7 0 0 53.3 0 0 
40_con  99.9 8 40 9479.35 46.7 0 0 53.3 0 0 53.3 0 0 53.3 0 0 
40_con  99.9 5 40 9485.08 60.0 0 0 60.0 0 0 53.3 0 0 66.7 0 0 
40_con  99.9 10 54 9579.86 50.0 0 0 62.5 0 0 62.5 0 0 56.2 0 0 
30_con  99.9 12 62 9280.11 60.0 0 0 66.7 0 0 66.7 0 0 53.3 0 0 
30_con  99.9 5 48 9441.23 53.3 0 0 53.3 0 0 53.3 0 0 60.0 0 0 
30_con  99.9 5 45 9372.99 56.2 0 0 53.3 0 0 60.0 0 0 53.3 0 0 
20_con  99.9 2 45 8849.21 73.3 0 0 53.3 0 0 73.3 0 0 53.3 0 0 
20_con  99.9 7 50 9214.04 60.0 0 0 60.0 0 0 53.3 0 0 60.0 0 0 
20_con  99.9 7 55 9016.54 53.3 0 0 60.0 0 0 53.3 0 0 60.0 0 0 
10_con  99.9 7 54 8501.00 53.3 0 0 60.0 0 0 53.3 0 0 60.0 0 0 
10_con  99.9 9 62 8096.73 50.0 0 0 53.3 0 0 46.7 0 0 53.3 0 0 
10_con  99.9 21 67 8197.89 60.0 0 0 60.0 0 0 60.0 0 0 66.7 0 0 
1_con  99.9 45 84 6320.45 80.0 0 0 68.8 0 0 73.3 0 0 80.0 0 0 
1_con  99.9 40 82 6744.88 73.3 0 0 66.7 0 0 73.3 0 0 73.3 0 0 
1_con  99.9 41 78 6246.47 66.7 0 0 73.3 0 0 73.3 0 0 73.3 0 0 
