12800_con  99.9 25 65 10364.23 86.7 0 0 86.7 0 0 81.2 0 0 86.7 0 0 
12800_con  99.9 31 78 12281.98 99.9 1 3 86.7 0 0 93.3 0 1 93.3 0 1 
12800_con  99.9 19 65 10111.26 80.0 0 0 86.7 0 0 93.3 0 1 86.7 0 0 
6400_con  99.9 27 66 10563.28 80.0 0 0 80.0 0 0 86.7 0 0 80.0 0 0 
6400_con  99.9 20 63 10861.31 86.7 0 0 93.3 0 1 86.7 0 0 86.7 0 0 
6400_con  99.9 24 75 9851.77 86.7 0 0 80.0 0 0 80.0 0 0 80.0 0 0 
3200_con  99.9 21 61 9838.01 73.3 0 0 86.7 0 0 93.3 0 1 80.0 0 0 
3200_con  99.9 21 57 10142.41 80.0 0 0 80.0 0 0 75.0 0 0 80.0 0 0 
3200_con  99.9 16 61 9799.95 73.3 0 0 80.0 0 0 80.0 0 0 73.3 0 0 
1600_con  99.9 22 68 9712.37 56.2 0 0 68.8 0 0 73.3 0 0 75.0 0 0 
1600_con  99.9 22 76 9628.01 73.3 0 0 66.7 0 0 60.0 0 0 68.8 0 0 
1600_con  99.9 15 66 9553.34 73.3 0 0 73.3 0 0 73.3 0 0 66.7 0 0 
800_con  99.9 16 68 9217.02 56.2 0 0 60.0 0 0 56.2 0 0 56.2 0 0 
800_con  99.9 20 70 9147.67 60.0 0 0 60.0 0 0 56.2 0 0 60.0 0 0 
800_con  99.9 18 69 9314.33 60.0 0 0 60.0 0 0 53.3 0 0 53.3 0 0 
400_con  99.9 12 54 9285.99 60.0 0 0 53.3 0 0 53.3 0 0 53.3 0 0 
400_con  99.9 16 55 9854.40 60.0 0 0 53.3 0 0 60.0 0 0 53.3 0 0 
400_con  99.9 11 61 9530.61 53.3 0 0 53.3 0 0 60.0 0 0 53.3 0 0 
200_con  99.9 11 63 9695.63 60.0 0 0 56.2 0 0 53.3 0 0 60.0 0 0 
200_con  99.9 11 53 9375.64 50.0 0 0 46.7 0 0 46.7 0 0 53.3 0 0 
200_con  99.9 17 66 10710.17 80.0 0 0 75.0 0 0 68.8 0 0 66.7 0 0 
100_con  99.9 7 52 9813.33 53.3 0 0 53.3 0 0 53.3 0 0 73.3 0 0 
100_con  99.9 25 61 9692.91 73.3 0 0 66.7 0 0 66.7 0 0 66.7 0 0 
100_con  99.9 3 44 9607.04 60.0 0 0 46.7 0 0 68.8 0 0 53.3 0 0 
75_con  99.9 8 51 9237.96 46.7 0 0 56.2 0 0 56.2 0 0 50.0 0 0 
75_con  99.9 5 52 9456.05 60.0 0 0 53.3 0 0 53.3 0 0 53.3 0 0 
75_con  99.9 5 47 9385.51 53.3 0 0 46.7 0 0 50.0 0 0 53.3 0 0 
50_con  99.9 4 46 9090.35 53.3 0 0 60.0 0 0 53.3 0 0 60.0 0 0 
50_con  99.9 11 58 9233.70 53.3 0 0 53.3 0 0 53.3 0 0 60.0 0 0 
50_con  99.9 7 62 8886.32 53.3 0 0 53.3 0 0 53.3 0 0 53.3 0 0 
40_con  99.9 16 64 9408.72 60.0 0 0 60.0 0 0 60.0 0 0 66.7 0 0 
40_con  99.9 8 51 8806.67 53.3 0 0 53.3 0 0 60.0 0 0 53.3 0 0 
40_con  99.9 8 54 8856.04 46.7 0 0 60.0 0 0 53.3 0 0 60.0 0 0 
30_con  99.9 10 65 8375.65 53.3 0 0 53.3 0 0 53.3 0 0 56.2 0 0 
30_con  99.9 5 55 8731.54 50.0 0 0 53.3 0 0 53.3 0 0 60.0 0 0 
30_con  99.9 8 54 8596.87 53.3 0 0 53.3 0 0 46.7 0 0 53.3 0 0 
20_con  99.9 8 53 8344.37 53.3 0 0 60.0 0 0 53.3 0 0 53.3 0 0 
20_con  99.9 14 66 8443.89 53.3 0 0 53.3 0 0 53.3 0 0 53.3 0 0 
20_con  99.9 9 57 8166.75 53.3 0 0 53.3 0 0 60.0 0 0 53.3 0 0 
10_con  99.9 14 70 7152.64 46.7 0 0 50.0 0 0 60.0 0 0 46.7 0 0 
10_con  99.9 15 66 7087.64 53.3 0 0 46.7 0 0 46.7 0 0 53.3 0 0 
10_con  99.9 31 75 7443.57 60.0 0 0 60.0 0 0 60.0 0 0 53.3 0 0 
