12800_con  99.9 32 69 10053.18 86.7 0 0 93.3 0 1 93.3 0 2 93.3 0 1 
12800_con  99.9 23 64 9998.36 93.8 0 1 93.8 0 1 99.9 2 6 93.8 0 1 
12800_con  99.9 29 63 10111.89 93.3 0 1 99.9 3 4 87.5 0 0 93.3 0 1 
6400_con  99.9 24 69 10404.51 93.3 0 1 86.7 0 0 86.7 0 0 93.3 0 1 
6400_con  99.9 36 76 10076.76 93.3 0 2 86.7 0 0 80.0 0 0 86.7 0 0 
6400_con  99.9 23 63 9284.54 80.0 0 0 93.3 0 1 93.3 0 1 93.3 0 1 
3200_con  99.9 20 59 9811.77 86.7 0 0 80.0 0 0 93.8 0 1 86.7 0 0 
3200_con  99.9 27 64 11067.91 93.3 0 1 93.3 0 2 86.7 0 0 99.9 1 1 
3200_con  99.9 28 77 11791.13 86.7 0 0 80.0 0 0 93.3 0 1 99.9 1 1 
1600_con  99.9 19 55 10432.07 86.7 0 0 80.0 0 0 75.0 0 0 80.0 0 0 
1600_con  99.9 24 64 10212.95 75.0 0 0 80.0 0 0 66.7 0 0 80.0 0 0 
1600_con  99.9 27 71 10695.64 73.3 0 0 80.0 0 0 93.3 0 1 73.3 0 0 
800_con  99.9 19 61 9482.45 81.2 0 0 68.8 0 0 68.8 0 0 75.0 0 0 
800_con  99.9 27 72 10143.64 80.0 0 0 80.0 0 0 62.5 0 0 62.5 0 0 
800_con  99.9 9 53 8774.75 73.3 0 0 75.0 0 0 68.8 0 0 73.3 0 0 
400_con  99.9 11 58 9098.99 60.0 0 0 60.0 0 0 73.3 0 0 60.0 0 0 
400_con  99.9 18 70 9050.82 53.3 0 0 60.0 0 0 60.0 0 0 60.0 0 0 
400_con  99.9 22 69 9019.38 73.3 0 0 66.7 0 0 66.7 0 0 66.7 0 0 
200_con  99.9 10 63 9156.07 60.0 0 0 53.3 0 0 60.0 0 0 53.3 0 0 
200_con  99.9 20 64 9148.52 60.0 0 0 66.7 0 0 60.0 0 0 60.0 0 0 
200_con  99.9 12 62 9420.07 60.0 0 0 60.0 0 0 60.0 0 0 60.0 0 0 
100_con  99.9 7 48 9529.96 46.7 0 0 53.3 0 0 53.3 0 0 53.3 0 0 
100_con  99.9 7 56 9430.37 62.5 0 0 53.3 0 0 53.3 0 0 60.0 0 0 
100_con  99.9 6 61 9421.90 53.3 0 0 53.3 0 0 99.9 1 1 53.3 0 0 
75_con  99.9 10 51 9671.24 60.0 0 0 53.3 0 0 60.0 0 0 53.3 0 0 
75_con  99.9 12 56 9512.93 60.0 0 0 53.3 0 0 53.3 0 0 53.3 0 0 
75_con  99.9 6 54 9515.51 53.3 0 0 53.3 0 0 60.0 0 0 60.0 0 0 
50_con  99.9 11 54 9603.86 60.0 0 0 60.0 0 0 46.7 0 0 53.3 0 0 
50_con  99.9 9 56 9535.26 53.3 0 0 53.3 0 0 46.7 0 0 60.0 0 0 
50_con  99.9 14 61 9951.28 60.0 0 0 66.7 0 0 60.0 0 0 60.0 0 0 
40_con  99.9 7 47 9545.67 60.0 0 0 60.0 0 0 60.0 0 0 60.0 0 0 
40_con  93.8 0 46 9290.20 60.0 0 0 50.0 0 0 62.5 0 0 53.3 0 0 
40_con  99.9 10 51 9411.96 46.7 0 0 53.3 0 0 56.2 0 0 53.3 0 0 
30_con  99.9 6 43 9149.77 60.0 0 0 53.3 0 0 53.3 0 0 46.7 0 0 
30_con  99.9 11 59 9165.17 53.3 0 0 60.0 0 0 66.7 0 0 60.0 0 0 
30_con  99.9 12 62 9014.27 53.3 0 0 53.3 0 0 53.3 0 0 53.3 0 0 
20_con  99.9 11 46 8771.37 53.3 0 0 53.3 0 0 53.3 0 0 60.0 0 0 
20_con  99.9 5 56 8993.24 60.0 0 0 60.0 0 0 53.3 0 0 53.3 0 0 
20_con  99.9 4 51 8645.41 60.0 0 0 60.0 0 0 66.7 0 0 60.0 0 0 
10_con  99.9 8 64 8276.88 53.3 0 0 53.3 0 0 53.3 0 0 60.0 0 0 
10_con  99.9 11 62 8294.40 53.3 0 0 60.0 0 0 66.7 0 0 53.3 0 0 
10_con  99.9 12 67 8191.02 53.3 0 0 53.3 0 0 53.3 0 0 53.3 0 0 
