12800_con  99.9 26 68 16506.31 99.9 17 29 99.9 4 13 
12800_con  99.9 27 71 16902.18 99.9 11 36 99.9 5 11 
12800_con  99.9 49 86 21405.40 99.9 29 42 99.9 15 29 
6400_con  99.9 34 80 17292.14 99.9 9 31 99.9 1 6 
6400_con  99.9 32 77 17431.69 99.9 5 27 93.8 0 5 
6400_con  99.9 17 71 16156.96 99.9 9 27 99.9 1 5 
3200_con  99.9 18 70 16765.97 99.9 3 13 86.7 0 0 
3200_con  99.9 39 79 21624.22 99.9 16 41 99.9 1 6 
3200_con  99.9 21 63 14979.94 99.9 4 9 93.3 0 1 
1600_con  99.9 30 78 15473.24 99.9 2 8 93.3 0 1 
1600_con  99.9 30 77 16839.24 99.9 5 24 86.7 0 0 
1600_con  99.9 23 70 14321.43 87.5 0 0 81.2 0 0 
800_con  99.9 26 69 15380.30 99.9 1 3 80.0 0 0 
800_con  99.9 35 77 15440.22 93.3 0 3 80.0 0 0 
800_con  99.9 21 75 14215.29 93.3 0 2 80.0 0 0 
400_con  99.9 15 70 14327.00 86.7 0 0 73.3 0 0 
400_con  99.9 25 68 14686.68 93.3 0 2 73.3 0 0 
400_con  99.9 33 79 14391.81 86.7 0 0 73.3 0 0 
200_con  99.9 19 68 14236.03 93.8 0 2 75.0 0 0 
200_con  99.9 13 64 14472.17 86.7 0 0 73.3 0 0 
200_con  99.9 7 59 14279.67 93.3 0 2 73.3 0 0 
100_con  99.9 9 61 13453.77 87.5 0 0 68.8 0 0 
100_con  99.9 11 54 13518.62 86.7 0 0 73.3 0 0 
100_con  99.9 15 58 13524.06 86.7 0 0 73.3 0 0 
75_con  99.9 15 64 13030.08 86.7 0 0 66.7 0 0 
75_con  99.9 5 58 12738.27 86.7 0 0 60.0 0 0 
75_con  99.9 8 47 12935.92 80.0 0 0 75.0 0 0 
50_con  99.9 5 46 12051.35 86.7 0 0 73.3 0 0 
50_con  99.9 3 41 12131.80 80.0 0 0 66.7 0 0 
50_con  99.9 3 41 12148.61 80.0 0 0 60.0 0 0 
40_con  99.9 7 45 11695.61 80.0 0 0 66.7 0 0 
40_con  99.9 2 46 11485.14 86.7 0 0 66.7 0 0 
40_con  99.9 3 39 11557.21 86.7 0 0 66.7 0 0 
30_con  99.9 4 38 10982.59 80.0 0 0 73.3 0 0 
30_con  99.9 4 34 11159.35 86.7 0 0 60.0 0 0 
30_con  93.3 0 31 10924.18 80.0 0 0 66.7 0 0 
20_con  99.9 1 27 10211.80 80.0 0 0 60.0 0 0 
20_con  93.3 0 11 10057.13 73.3 0 0 60.0 0 0 
20_con  93.3 0 28 10092.06 80.0 0 0 60.0 0 0 
10_con  99.9 2 22 8576.19 73.3 0 0 66.7 0 0 
10_con  93.3 0 10 8936.84 66.7 0 0 60.0 0 0 
10_con  93.3 0 14 8847.44 73.3 0 0 60.0 0 0 
