12800_con  99.9 26 61 13150.40 99.9 9 19 99.9 12 24 99.9 9 32 99.9 4 7 
12800_con  99.9 33 65 13662.74 99.9 4 24 99.9 9 25 99.9 4 23 99.9 1 4 
12800_con  99.9 27 64 12170.35 99.9 3 14 99.9 4 11 99.9 3 15 93.3 0 3
6400_con  99.9 18 51 12097.03 99.9 3 10 99.9 1 14 99.9 5 19 99.9 1 2 
6400_con  99.9 25 59 12486.11 99.9 1 10 99.9 6 13 99.9 4 10 93.8 0 2 
6400_con  99.9 18 59 12241.53 99.9 6 15 99.9 2 9 99.9 4 18 99.9 1 4 
3200_con  99.9 14 53 11527.91 93.3 0 5 99.9 2 6 99.9 4 8 99.9 1 2 
3200_con  99.9 12 62 11344.16 93.8 0 2 93.3 0 1 99.9 1 4 86.7 0 0 
3200_con  99.9 24 65 11793.56 99.9 1 3 99.9 2 9 99.9 3 6 93.3 0 1 
1600_con  99.9 15 60 11133.61 93.3 0 1 87.5 0 0 93.3 0 3 80.0 0 0 
1600_con  99.9 19 69 10990.29 93.3 0 2 86.7 0 0 99.9 2 4 80.0 0 0 
1600_con  99.9 19 63 11244.69 93.3 0 1 93.8 0 1 99.9 1 4 81.2 0 0 
800_con  99.9 19 69 10992.71 86.7 0 0 86.7 0 0 93.3 0 1 73.3 0 0 
800_con  99.9 16 58 10963.14 86.7 0 0 93.3 0 1 86.7 0 0 73.3 0 0 
800_con  99.9 19 59 10630.94 86.7 0 0 93.3 0 1 93.3 0 1 73.3 0 0 
400_con  99.9 13 63 11132.23 80.0 0 0 80.0 0 0 81.2 0 0 66.7 0 0 
400_con  99.9 21 59 12572.06 93.3 0 1 81.2 0 0 93.3 0 3 66.7 0 0 
400_con  99.9 19 59 11290.50 80.0 0 0 80.0 0 0 93.3 0 1 66.7 0 0 
200_con  99.9 13 56 11266.34 86.7 0 0 80.0 0 0 73.3 0 0 60.0 0 0 
200_con  99.9 15 60 12595.03 93.3 0 2 86.7 0 0 86.7 0 0 66.7 0 0 
200_con  99.9 8 47 11302.84 80.0 0 0 80.0 0 0 80.0 0 0 66.7 0 0 
100_con  99.9 7 47 10972.81 73.3 0 0 80.0 0 0 86.7 0 0 62.5 0 0 
100_con  99.9 9 44 10830.08 80.0 0 0 73.3 0 0 80.0 0 0 60.0 0 0 
100_con  99.9 2 37 10924.95 80.0 0 0 86.7 0 0 80.0 0 0 66.7 0 0 
75_con  99.9 2 31 10601.81 73.3 0 0 80.0 0 0 80.0 0 0 60.0 0 0 
75_con  99.9 8 48 10758.76 80.0 0 0 86.7 0 0 80.0 0 0 66.7 0 0 
75_con  99.9 9 57 10829.82 80.0 0 0 80.0 0 0 75.0 0 0 60.0 0 0 
50_con  99.9 5 43 10253.57 73.3 0 0 80.0 0 0 73.3 0 0 62.5 0 0 
50_con  99.9 4 28 10181.98 73.3 0 0 73.3 0 0 75.0 0 0 62.5 0 0 
50_con  99.9 9 51 10513.40 86.7 0 0 86.7 0 0 86.7 0 0 60.0 0 0 
40_con  99.9 1 33 9927.47 73.3 0 0 73.3 0 0 73.3 0 0 53.3 0 0 
40_con  99.9 2 43 10049.25 73.3 0 0 73.3 0 0 73.3 0 0 60.0 0 0 
40_con  99.9 4 41 9716.80 73.3 0 0 75.0 0 0 73.3 0 0 53.3 0 0 
30_con  99.9 3 26 9770.52 73.3 0 0 75.0 0 0 80.0 0 0 60.0 0 0 
30_con  99.9 1 27 9302.00 73.3 0 0 73.3 0 0 73.3 0 0 53.3 0 0 
30_con  99.9 2 34 9614.50 68.8 0 0 73.3 0 0 66.7 0 0 60.0 0 0 
20_con  99.9 1 21 8651.37 73.3 0 0 73.3 0 0 73.3 0 0 66.7 0 0 
20_con  93.8 0 17 8837.09 68.8 0 0 80.0 0 0 73.3 0 0 66.7 0 0 
20_con  99.9 1 24 8839.61 68.8 0 0 73.3 0 0 73.3 0 0 60.0 0 0 
10_con  99.9 2 17 7470.85 66.7 0 0 80.0 0 0 66.7 0 0 66.7 0 0 
10_con  99.9 4 17 7623.57 66.7 0 0 73.3 0 0 73.3 0 0 53.3 0 0 
10_con  99.9 2 18 7414.73 66.7 0 0 80.0 0 0 73.3 0 0 60.0 0 0 
