12800_con  99.9 23 68 16592.08 99.9 4 16 99.9 4 10 
12800_con  99.9 39 73 15804.20 99.9 1 9 93.8 0 9 
12800_con  99.9 24 68 15630.98 93.3 0 6 93.3 0 7 
6400_con  99.9 32 73 13816.78 99.9 1 6 93.3 0 3 
6400_con  99.9 31 75 14513.76 99.9 1 5 99.9 1 4 
6400_con  99.9 31 69 13902.89 99.9 1 3 93.3 0 1 
3200_con  99.9 37 73 16544.24 93.3 0 4 99.9 1 4 
3200_con  99.9 27 79 16351.86 93.3 0 4 93.3 0 3 
3200_con  99.9 29 78 18823.77 93.3 0 4 99.9 1 7 
1600_con  99.9 30 75 17130.64 99.9 4 8 87.5 0 0 
1600_con  99.9 35 81 17992.68 99.9 1 3 93.3 0 1 
1600_con  99.9 28 72 13122.18 87.5 0 0 87.5 0 0 
800_con  99.9 21 69 12516.59 75.0 0 0 99.9 1 1 
800_con  99.9 25 73 13894.24 93.3 0 1 93.3 0 1 
800_con  99.9 29 73 15440.77 99.9 1 2 99.9 1 3 
400_con  99.9 36 74 17536.74 93.3 0 2 93.3 0 1 
400_con  99.9 20 71 14426.54 73.3 0 0 73.3 0 0 
400_con  99.9 30 77 14008.88 80.0 0 0 86.7 0 0 
200_con  99.9 28 78 14527.92 80.0 0 0 80.0 0 0 
200_con  99.9 24 71 13764.69 73.3 0 0 66.7 0 0 
200_con  99.9 23 72 14823.97 80.0 0 0 80.0 0 0 
100_con  99.9 37 76 14823.47 86.7 0 0 86.7 0 0 
100_con  99.9 17 73 13433.74 60.0 0 0 60.0 0 0 
100_con  99.9 36 77 15256.02 80.0 0 0 80.0 0 0 
75_con  99.9 27 68 13412.40 80.0 0 0 73.3 0 0 
75_con  99.9 33 77 13833.38 66.7 0 0 66.7 0 0 
75_con  99.9 19 65 13111.05 80.0 0 0 66.7 0 0 
50_con  99.9 19 65 12835.55 60.0 0 0 73.3 0 0 
50_con  99.9 28 66 13207.99 62.5 0 0 60.0 0 0 
50_con  99.9 25 72 13216.90 66.7 0 0 66.7 0 0 
40_con  99.9 21 71 12625.58 60.0 0 0 73.3 0 0 
40_con  99.9 15 65 13012.91 80.0 0 0 66.7 0 0 
40_con  99.9 15 65 12142.11 73.3 0 0 60.0 0 0 
30_con  99.9 26 69 12505.57 60.0 0 0 60.0 0 0 
30_con  99.9 16 70 13179.19 93.3 0 1 80.0 0 0 
30_con  99.9 14 67 12630.42 66.7 0 0 66.7 0 0 
20_con  99.9 19 64 12295.06 73.3 0 0 73.3 0 0 
20_con  99.9 19 72 12237.43 73.3 0 0 66.7 0 0 
20_con  99.9 24 69 13456.78 80.0 0 0 80.0 0 0 
10_con  99.9 22 75 11906.68 73.3 0 0 66.7 0 0 
10_con  99.9 29 71 11421.71 66.7 0 0 66.7 0 0 
10_con  99.9 29 77 12113.29 73.3 0 0 73.3 0 0 
1_con  99.9 33 82 9341.91 80.0 0 0 86.7 0 0 
1_con  99.9 41 84 9688.93 80.0 0 0 86.7 0 0 
1_con  99.9 52 86 9124.41 80.0 0 0 93.3 0 1 
