12800_con  99.9 18 61 11276.75 99.9 5 16 99.9 6 14 99.9 5 22 99.9 3 5 
12800_con  99.9 21 63 11211.82 99.9 5 16 99.9 1 13 99.9 8 18 99.9 1 5 
12800_con  99.9 23 66 12616.20 99.9 7 21 99.9 9 26 99.9 6 15 99.9 2 7 
6400_con  99.9 21 58 11718.74 99.9 5 24 99.9 10 22 99.9 9 27 93.8 0 7 
6400_con  99.9 14 54 11869.55 99.9 4 11 99.9 5 15 99.9 6 19 99.9 1 2 
6400_con  99.9 28 64 12705.28 99.9 6 20 99.9 6 20 99.9 3 16 99.9 1 4 
3200_con  99.9 21 64 12035.28 99.9 2 8 99.9 3 15 99.9 5 17 93.3 0 1 
3200_con  99.9 26 58 12067.86 99.9 1 3 99.9 1 7 99.9 4 17 93.3 0 2 
3200_con  99.9 21 66 12447.16 99.9 3 15 99.9 5 16 99.9 5 18 99.9 1 4 
1600_con  99.9 30 72 14626.14 99.9 3 14 99.9 2 9 99.9 2 8 93.3 0 1 
1600_con  99.9 18 63 12675.16 93.3 0 3 99.9 1 6 93.3 0 9 99.9 1 1 
1600_con  99.9 28 69 12814.49 93.8 0 6 99.9 3 11 99.9 3 13 93.3 0 1 
800_con  99.9 23 64 10916.71 81.2 0 0 93.3 0 2 99.9 2 2 86.7 0 0 
800_con  99.9 29 67 12806.39 93.3 0 3 93.3 0 1 99.9 1 3 86.7 0 0 
800_con  99.9 19 66 11846.55 93.3 0 2 99.9 1 2 99.9 1 3 81.2 0 0 
400_con  99.9 15 70 11120.08 86.7 0 0 93.3 0 1 93.3 0 1 66.7 0 0 
400_con  99.9 23 69 11637.92 86.7 0 0 80.0 0 0 93.3 0 1 73.3 0 0 
400_con  99.9 33 70 12262.13 93.3 0 2 93.3 0 3 93.3 0 1 80.0 0 0 
200_con  99.9 14 58 11142.99 80.0 0 0 73.3 0 0 80.0 0 0 60.0 0 0 
200_con  99.9 19 64 11175.67 80.0 0 0 80.0 0 0 93.3 0 1 66.7 0 0 
200_con  99.9 11 55 11161.84 80.0 0 0 80.0 0 0 86.7 0 0 66.7 0 0 
100_con  99.9 5 42 11127.93 80.0 0 0 73.3 0 0 80.0 0 0 60.0 0 0 
100_con  99.9 6 48 11047.85 93.3 0 1 80.0 0 0 86.7 0 0 66.7 0 0 
100_con  99.9 12 55 10896.48 73.3 0 0 86.7 0 0 86.7 0 0 60.0 0 0 
75_con  99.9 9 45 11014.76 73.3 0 0 75.0 0 0 81.2 0 0 53.3 0 0 
75_con  99.9 13 49 11218.09 80.0 0 0 86.7 0 0 80.0 0 0 62.5 0 0 
75_con  99.9 10 53 11075.06 80.0 0 0 93.3 0 1 86.7 0 0 66.7 0 0 
50_con  99.9 9 43 10759.23 80.0 0 0 80.0 0 0 80.0 0 0 60.0 0 0 
50_con  99.9 6 47 10928.79 80.0 0 0 80.0 0 0 80.0 0 0 60.0 0 0 
50_con  99.9 8 49 11002.62 80.0 0 0 73.3 0 0 80.0 0 0 66.7 0 0 
40_con  99.9 3 42 10533.22 73.3 0 0 73.3 0 0 73.3 0 0 60.0 0 0 
40_con  99.9 3 42 10481.67 73.3 0 0 73.3 0 0 73.3 0 0 60.0 0 0 
40_con  99.9 4 41 10423.93 86.7 0 0 80.0 0 0 80.0 0 0 66.7 0 0 
30_con  99.9 2 38 10269.60 80.0 0 0 80.0 0 0 80.0 0 0 60.0 0 0 
30_con  99.9 12 54 10073.35 80.0 0 0 73.3 0 0 68.8 0 0 53.3 0 0 
30_con  99.9 2 34 9888.18 80.0 0 0 80.0 0 0 80.0 0 0 60.0 0 0 
20_con  99.9 5 46 9263.93 73.3 0 0 66.7 0 0 80.0 0 0 60.0 0 0 
20_con  99.9 2 38 9498.40 81.2 0 0 75.0 0 0 73.3 0 0 60.0 0 0 
20_con  99.9 10 40 9491.53 73.3 0 0 73.3 0 0 73.3 0 0 60.0 0 0 
10_con  99.9 2 28 8302.30 75.0 0 0 73.3 0 0 68.8 0 0 53.3 0 0 
10_con  99.9 1 23 8276.72 66.7 0 0 66.7 0 0 66.7 0 0 60.0 0 0 
10_con  99.9 2 22 8340.57 66.7 0 0 66.7 0 0 66.7 0 0 62.5 0 0 
