12800_con  99.9 20 54 12390.42 99.9 3 11 99.9 5 15 99.9 8 20 99.9 2 5 
12800_con  99.9 21 70 12080.14 99.9 10 21 99.9 4 16 99.9 10 25 99.9 2 9 
12800_con  99.9 29 59 11655.04 99.9 4 14 99.9 3 9 99.9 4 16 99.9 2 4 
6400_con  99.9 39 71 15980.25 93.3 0 13 99.9 3 14 93.3 0 10 93.3 0 1 
6400_con  99.9 13 59 11555.60 93.3 0 5 93.3 0 3 99.9 2 9 93.3 0 2 
6400_con  99.9 20 62 12291.30 99.9 4 6 99.9 3 8 99.9 3 7 99.9 1 1 
3200_con  99.9 23 68 11427.63 99.9 1 2 93.3 0 2 99.9 1 4 93.3 0 2 
3200_con  99.9 20 70 11434.98 99.9 1 3 93.3 0 4 99.9 1 7 80.0 0 0 
3200_con  99.9 26 72 12413.27 99.9 4 5 99.9 1 3 99.9 3 6 93.3 0 1
1600_con  99.9 26 64 14001.95 93.3 0 1 93.3 0 4 93.3 0 3 80.0 0 0 
1600_con  99.9 13 58 11121.93 93.8 0 1 93.3 0 1 93.3 0 2 73.3 0 0 
1600_con  99.9 15 68 11206.43 80.0 0 0 86.7 0 0 93.3 0 2 86.7 0 0 
800_con  99.9 8 58 11113.86 73.3 0 0 80.0 0 0 86.7 0 0 66.7 0 0 
800_con  99.9 13 59 11208.78 80.0 0 0 86.7 0 0 86.7 0 0 73.3 0 0 
800_con  99.9 9 50 11269.12 80.0 0 0 80.0 0 0 80.0 0 0 60.0 0 0 
400_con  99.9 8 45 11268.31 93.3 0 1 73.3 0 0 86.7 0 0 66.7 0 0 
400_con  99.9 16 61 11315.56 80.0 0 0 73.3 0 0 80.0 0 0 62.5 0 0 
400_con  99.9 13 53 12181.57 86.7 0 0 87.5 0 0 86.7 0 0 66.7 0 0 
200_con  99.9 17 59 13025.61 99.9 1 2 99.9 1 3 93.3 0 1 66.7 0 0 
200_con  99.9 4 41 11058.91 87.5 0 0 86.7 0 0 80.0 0 0 73.3 0 0 
200_con  99.9 28 61 11363.58 80.0 0 0 86.7 0 0 86.7 0 0 60.0 0 0 
100_con  99.9 4 44 10530.57 66.7 0 0 80.0 0 0 73.3 0 0 53.3 0 0 
100_con  99.9 5 42 10722.55 80.0 0 0 80.0 0 0 80.0 0 0 66.7 0 0 
100_con  99.9 4 38 10807.68 80.0 0 0 80.0 0 0 73.3 0 0 60.0 0 0 
75_con  99.9 2 32 9995.30 80.0 0 0 86.7 0 0 73.3 0 0 60.0 0 0 
75_con  93.8 0 32 10225.42 81.2 0 0 73.3 0 0 73.3 0 0 53.3 0 0 
75_con  99.9 6 36 9932.67 73.3 0 0 86.7 0 0 80.0 0 0 53.3 0 0 
50_con  99.9 5 49 9329.45 73.3 0 0 80.0 0 0 73.3 0 0 60.0 0 0 
50_con  99.9 1 28 9314.30 73.3 0 0 73.3 0 0 75.0 0 0 60.0 0 0 
50_con  99.9 2 28 9458.49 73.3 0 0 73.3 0 0 73.3 0 0 53.3 0 0 
40_con  93.3 0 22 9182.78 73.3 0 0 73.3 0 0 73.3 0 0 53.3 0 0 
40_con  99.9 1 20 9112.23 80.0 0 0 73.3 0 0 80.0 0 0 60.0 0 0 
40_con  99.9 1 18 9240.70 73.3 0 0 80.0 0 0 73.3 0 0 53.3 0 0 
30_con  99.9 2 18 8433.78 68.8 0 0 73.3 0 0 66.7 0 0 56.2 0 0 
30_con  99.9 2 29 8464.44 73.3 0 0 73.3 0 0 66.7 0 0 60.0 0 0 
30_con  99.9 3 41 8531.82 73.3 0 0 73.3 0 0 73.3 0 0 53.3 0 0 
20_con  99.9 1 20 7852.31 66.7 0 0 68.8 0 0 73.3 0 0 66.7 0 0 
20_con  93.3 0 18 7780.38 73.3 0 0 73.3 0 0 66.7 0 0 60.0 0 0 
20_con  93.3 0 3 7665.91 73.3 0 0 80.0 0 0 66.7 0 0 53.3 0 0 
10_con  93.3 0 1 5685.88 66.7 0 0 60.0 0 0 60.0 0 0 46.7 0 0 
10_con  87.5 0 0 5810.38 62.5 0 0 66.7 0 0 68.8 0 0 53.3 0 0 
10_con  93.3 0 1 5557.51 66.7 0 0 66.7 0 0 62.5 0 0 53.3 0 0 
