12800_con  99.9 30 71 16076.79 93.3 0 4 93.3 0 5 
12800_con  99.9 35 74 17485.72 93.3 0 4 93.3 0 6 
12800_con  99.9 45 85 16061.38 99.9 3 9 99.9 2 13 
6400_con  99.9 21 69 16691.88 93.3 0 1 93.3 0 2 
6400_con  99.9 25 74 14993.72 93.3 0 1 93.3 0 1 
6400_con  99.9 34 81 16801.09 99.9 1 4 99.9 1 6 
3200_con  99.9 23 75 15590.03 93.3 0 1 93.3 0 1 
3200_con  99.9 27 71 16226.85 93.3 0 3 99.9 1 3 
3200_con  99.9 32 72 14345.80 86.7 0 0 93.3 0 3 
1600_con  99.9 26 73 14503.18 80.0 0 0 86.7 0 0 
1600_con  99.9 23 75 16393.38 86.7 0 0 86.7 0 0 
1600_con  99.9 40 87 18451.54 99.9 2 4 99.9 1 4 
800_con  99.9 33 78 14316.41 73.3 0 0 73.3 0 0 
800_con  99.9 21 76 15118.98 80.0 0 0 73.3 0 0 
800_con  99.9 28 77 14898.47 80.0 0 0 80.0 0 0 
400_con  99.9 29 81 13294.69 80.0 0 0 62.5 0 0 
400_con  99.9 24 69 13463.27 80.0 0 0 66.7 0 0 
400_con  99.9 22 81 14329.52 80.0 0 0 73.3 0 0 
200_con  99.9 23 67 13523.84 66.7 0 0 68.8 0 0 
200_con  99.9 32 76 13617.41 66.7 0 0 66.7 0 0 
200_con  99.9 24 75 13965.11 66.7 0 0 73.3 0 0 
100_con  99.9 24 73 13282.61 66.7 0 0 66.7 0 0 
100_con  99.9 16 72 13541.94 73.3 0 0 66.7 0 0 
100_con  99.9 13 63 13337.08 73.3 0 0 60.0 0 0 
75_con  99.9 16 66 12930.84 73.3 0 0 73.3 0 0 
75_con  99.9 27 64 12846.61 66.7 0 0 60.0 0 0 
75_con  99.9 20 63 13268.96 68.8 0 0 66.7 0 0 
50_con  99.9 15 55 12595.36 60.0 0 0 73.3 0 0 
50_con  99.9 23 67 12368.65 66.7 0 0 66.7 0 0 
50_con  99.9 19 63 12769.06 66.7 0 0 73.3 0 0 
40_con  99.9 23 68 12191.04 66.7 0 0 66.7 0 0 
40_con  99.9 20 74 13574.25 73.3 0 0 73.3 0 0 
40_con  99.9 11 66 12424.82 66.7 0 0 66.7 0 0 
30_con  99.9 14 68 12010.69 66.7 0 0 60.0 0 0 
30_con  99.9 19 74 12114.61 73.3 0 0 73.3 0 0 
30_con  99.9 23 77 12757.75 66.7 0 0 66.7 0 0 
20_con  99.9 22 70 11365.62 66.7 0 0 60.0 0 0 
20_con  99.9 20 67 11236.83 66.7 0 0 80.0 0 0 
20_con  99.9 17 65 11692.00 66.7 0 0 66.7 0 0 
10_con  99.9 12 68 11160.55 66.7 0 0 60.0 0 0 
10_con  99.9 26 72 10541.71 66.7 0 0 60.0 0 0 
10_con  99.9 16 72 11286.18 66.7 0 0 66.7 0 0 
