12800_con  99.9 41 80 13309.61 93.3 0 3 99.9 3 4 99.9 1 2 99.9 3 4 
12800_con  99.9 21 69 10690.51 80.0 0 0 80.0 0 0 80.0 0 0 80.0 0 0 
12800_con  99.9 20 65 9743.91 87.5 0 0 87.5 0 0 86.7 0 0 93.3 0 1 
6400_con  99.9 21 69 10145.40 66.7 0 0 66.7 0 0 66.7 0 0 66.7 0 0 
6400_con  99.9 17 64 9949.59 66.7 0 0 73.3 0 0 73.3 0 0 80.0 0 0 
6400_con  99.9 26 73 10014.34 80.0 0 0 86.7 0 0 80.0 0 0 75.0 0 0 
3200_con  99.9 18 63 9589.11 66.7 0 0 66.7 0 0 66.7 0 0 66.7 0 0 
3200_con  99.9 21 70 9340.74 66.7 0 0 66.7 0 0 66.7 0 0 73.3 0 0 
3200_con  99.9 5 59 9246.06 73.3 0 0 73.3 0 0 86.7 0 0 66.7 0 0 
1600_con  99.9 22 69 9702.42 60.0 0 0 53.3 0 0 53.3 0 0 53.3 0 0 
1600_con  99.9 19 72 9781.66 66.7 0 0 73.3 0 0 86.7 0 0 66.7 0 0 
1600_con  99.9 22 65 9853.90 60.0 0 0 56.2 0 0 66.7 0 0 60.0 0 0 
800_con  99.9 6 55 9745.38 53.3 0 0 60.0 0 0 53.3 0 0 53.3 0 0 
800_con  99.9 15 65 9876.48 53.3 0 0 60.0 0 0 66.7 0 0 60.0 0 0 
800_con  99.9 14 62 9506.33 60.0 0 0 53.3 0 0 53.3 0 0 46.7 0 0 
400_con  99.9 5 49 9419.82 53.3 0 0 53.3 0 0 60.0 0 0 60.0 0 0 
400_con  99.9 26 72 11355.82 73.3 0 0 73.3 0 0 66.7 0 0 66.7 0 0 
400_con  99.9 12 51 9702.93 53.3 0 0 60.0 0 0 60.0 0 0 66.7 0 0 
200_con  99.9 4 45 9360.63 53.3 0 0 56.2 0 0 66.7 0 0 60.0 0 0 
200_con  99.9 6 49 9270.99 53.3 0 0 53.3 0 0 53.3 0 0 53.3 0 0 
200_con  99.9 2 47 9139.41 60.0 0 0 46.7 0 0 53.3 0 0 53.3 0 0 
100_con  99.9 6 47 8809.06 46.7 0 0 46.7 0 0 53.3 0 0 50.0 0 0 
100_con  99.9 8 57 8617.96 53.3 0 0 60.0 0 0 50.0 0 0 53.3 0 0 
100_con  99.9 6 56 9052.09 53.3 0 0 53.3 0 0 53.3 0 0 66.7 0 0 
75_con  99.9 13 63 8510.69 53.3 0 0 56.2 0 0 56.2 0 0 53.3 0 0 
75_con  99.9 15 63 8522.84 53.3 0 0 53.3 0 0 53.3 0 0 53.3 0 0 
75_con  99.9 8 51 8494.66 50.0 0 0 53.3 0 0 53.3 0 0 60.0 0 0 
50_con  99.9 14 63 8016.43 53.3 0 0 53.3 0 0 46.7 0 0 46.7 0 0 
50_con  99.9 44 86 8803.09 66.7 0 0 60.0 0 0 66.7 0 0 73.3 0 0 
50_con  99.9 16 70 7825.21 53.3 0 0 60.0 0 0 60.0 0 0 60.0 0 0 
40_con  99.9 21 73 7312.68 53.3 0 0 53.3 0 0 53.3 0 0 53.3 0 0 
40_con  99.9 9 60 7233.54 53.3 0 0 60.0 0 0 60.0 0 0 53.3 0 0 
40_con  99.9 22 69 7898.96 73.3 0 0 53.3 0 0 60.0 0 0 60.0 0 0 
30_con  99.9 16 71 7340.69 53.3 0 0 60.0 0 0 53.3 0 0 53.3 0 0 
30_con  99.9 23 73 7240.84 56.2 0 0 53.3 0 0 60.0 0 0 60.0 0 0 
30_con  99.9 10 49 7313.42 46.7 0 0 46.7 0 0 53.3 0 0 53.3 0 0 
20_con  99.9 15 69 6478.97 60.0 0 0 53.3 0 0 60.0 0 0 53.3 0 0 
20_con  99.9 15 70 6613.25 46.7 0 0 60.0 0 0 53.3 0 0 53.3 0 0 
20_con  99.9 20 71 6491.86 46.7 0 0 53.3 0 0 46.7 0 0 53.3 0 0 
10_con  99.9 20 73 4657.82 60.0 0 0 60.0 0 0 60.0 0 0 60.0 0 0 
10_con  99.9 11 60 4719.03 53.3 0 0 46.7 0 0 53.3 0 0 53.3 0 0 
10_con  99.9 12 59 4786.15 46.7 0 0 53.3 0 0 46.7 0 0 46.7 0 0 
