12800_con  99.9 26 67 15722.65 99.9 14 34 99.9 2 7 
12800_con  99.9 41 69 17290.22 99.9 17 43 99.9 1 11 
12800_con  99.9 38 79 17189.66 99.9 12 42 99.9 7 13
6400_con  99.9 30 70 16487.56 99.9 14 27 99.9 3 15 
6400_con  99.9 20 65 16468.15 99.9 8 31 99.9 3 10 
6400_con  99.9 33 70 16630.74 99.9 9 35 99.9 3 11 
3200_con  99.9 46 83 18928.34 99.9 6 43 93.3 0 3 
3200_con  99.9 44 83 19152.08 99.9 19 49 99.9 1 4 
3200_con  99.9 26 67 15871.01 99.9 7 21 93.8 0 2 
1600_con  99.9 27 77 15135.29 99.9 3 15 93.3 0 1 
1600_con  99.9 31 76 17447.72 99.9 5 27 99.9 1 3 
1600_con  99.9 25 74 15777.23 99.9 2 14 93.3 0 1 
800_con  99.9 25 72 16612.75 99.9 3 16 81.2 0 0 
800_con  99.9 34 77 15253.29 93.3 0 5 80.0 0 0 
800_con  99.9 24 75 14119.86 93.3 0 1 86.7 0 0 
400_con  99.9 23 80 15148.92 93.3 0 3 73.3 0 0 
400_con  99.9 29 85 14738.10 93.3 0 3 80.0 0 0 
400_con  99.9 30 70 15347.50 93.3 0 10 80.0 0 0 
200_con  99.9 21 68 15677.78 93.3 0 13 86.7 0 0 
200_con  99.9 17 69 14465.31 86.7 0 0 73.3 0 0 
200_con  99.9 29 70 15331.69 93.3 0 5 80.0 0 0 
100_con  99.9 25 68 15364.24 99.9 1 9 80.0 0 0 
100_con  99.9 18 69 13804.24 93.3 0 1 80.0 0 0 
100_con  99.9 21 68 15578.29 93.3 0 6 80.0 0 0 
75_con  99.9 18 63 14256.44 86.7 0 0 62.5 0 0 
75_con  99.9 32 81 14065.90 93.3 0 1 73.3 0 0 
75_con  99.9 17 71 14098.33 93.3 0 1 66.7 0 0 
50_con  99.9 18 63 13549.48 86.7 0 0 66.7 0 0 
50_con  99.9 20 73 12932.77 99.9 1 4 80.0 0 0 
50_con  99.9 24 74 13229.06 93.3 0 2 73.3 0 0 
40_con  99.9 10 65 12743.80 93.3 0 1 66.7 0 0 
40_con  99.9 10 56 12922.01 86.7 0 0 73.3 0 0 
40_con  99.9 8 49 12592.67 93.3 0 1 66.7 0 0 
30_con  99.9 11 60 12768.22 93.3 0 2 73.3 0 0 
30_con  99.9 6 47 12225.13 86.7 0 0 66.7 0 0 
30_con  99.9 11 62 11974.90 87.5 0 0 68.8 0 0 
20_con  99.9 11 54 11272.70 80.0 0 0 66.7 0 0 
20_con  99.9 2 36 11440.08 86.7 0 0 66.7 0 0 
20_con  93.8 0 35 10967.86 86.7 0 0 66.7 0 0 
10_con  99.9 1 26 9843.46 80.0 0 0 60.0 0 0 
10_con  99.9 2 24 9736.78 80.0 0 0 60.0 0 0 
10_con  99.9 2 24 9879.44 81.2 0 0 60.0 0 0 
