12800_con  99.9 29 74 14640.11 99.9 4 10 99.9 4 11 
12800_con  99.9 37 74 15427.63 93.3 0 5 93.3 0 3 
12800_con  99.9 44 79 14896.83 93.3 0 7 99.9 1 6 
6400_con  99.9 44 82 15351.71 99.9 1 2 93.3 0 1 
6400_con  99.9 23 64 15489.76 99.9 1 6 99.9 1 3 
6400_con  99.9 29 72 14179.73 99.9 1 5 93.3 0 1 
3200_con  99.9 30 73 18285.84 93.3 0 6 99.9 1 4 
3200_con  99.9 28 70 16828.94 93.3 0 1 93.3 0 1 
3200_con  99.9 29 77 18250.94 93.3 0 4 99.9 1 9 
1600_con  99.9 29 78 12982.39 80.0 0 0 80.0 0 0 
1600_con  99.9 30 75 14367.10 86.7 0 0 86.7 0 0 
1600_con  99.9 45 88 18289.28 99.9 4 7 86.7 0 0 
800_con  99.9 25 80 13767.56 75.0 0 0 75.0 0 0 
800_con  99.9 32 78 15306.92 75.0 0 0 80.0 0 0 
800_con  99.9 31 75 15048.51 86.7 0 0 80.0 0 0 
400_con  99.9 37 79 14707.68 80.0 0 0 73.3 0 0 
400_con  99.9 33 77 13810.67 80.0 0 0 75.0 0 0 
400_con  99.9 34 71 13670.55 86.7 0 0 80.0 0 0 
200_con  99.9 28 75 15641.60 81.2 0 0 86.7 0 0 
200_con  99.9 27 76 16058.39 80.0 0 0 81.2 0 0 
200_con  99.9 30 72 14025.77 80.0 0 0 80.0 0 0 
100_con  99.9 20 75 13272.23 60.0 0 0 60.0 0 0 
100_con  99.9 27 74 12909.70 60.0 0 0 73.3 0 0 
100_con  99.9 11 58 13607.60 66.7 0 0 60.0 0 0 
75_con  99.9 13 52 13291.89 66.7 0 0 60.0 0 0 
75_con  99.9 25 77 12973.41 66.7 0 0 73.3 0 0 
75_con  99.9 13 74 13348.70 66.7 0 0 73.3 0 0 
50_con  99.9 28 77 13165.11 73.3 0 0 66.7 0 0 
50_con  99.9 18 68 13817.59 73.3 0 0 80.0 0 0 
50_con  99.9 15 70 13236.67 66.7 0 0 60.0 0 0 
40_con  99.9 10 72 12538.94 66.7 0 0 66.7 0 0 
40_con  99.9 21 67 12954.77 66.7 0 0 66.7 0 0 
40_con  99.9 11 67 12224.94 66.7 0 0 66.7 0 0 
30_con  99.9 19 68 12451.94 66.7 0 0 66.7 0 0 
30_con  99.9 15 55 12563.74 73.3 0 0 62.5 0 0 
30_con  99.9 6 58 12223.09 66.7 0 0 73.3 0 0 
20_con  99.9 18 69 11934.40 60.0 0 0 66.7 0 0 
20_con  99.9 26 70 12382.30 62.5 0 0 66.7 0 0 
20_con  99.9 14 62 12022.14 60.0 0 0 60.0 0 0 
10_con  99.9 31 81 12327.22 80.0 0 0 73.3 0 0 
10_con  99.9 28 79 10991.54 66.7 0 0 66.7 0 0 
10_con  99.9 24 73 11400.15 73.3 0 0 66.7 0 0 
