12800_con  99.9 38 79 15603.81 93.3 0 4 99.9 1 4 
12800_con  99.9 46 89 19670.05 99.9 2 13 93.3 0 7 
12800_con  99.9 24 74 14980.74 93.3 0 2 99.9 2 2 
6400_con  99.9 31 77 15921.31 87.5 0 0 93.3 0 1 
6400_con  99.9 32 77 15775.70 93.3 0 2 93.3 0 1 
6400_con  99.9 20 70 16038.84 93.3 0 3 99.9 1 2 
3200_con  99.9 20 71 15678.08 93.3 0 1 93.3 0 1 
3200_con  99.9 30 76 16031.66 80.0 0 0 81.2 0 0 
3200_con  99.9 29 71 15430.52 80.0 0 0 80.0 0 0 
1600_con  99.9 28 77 16411.83 87.5 0 0 86.7 0 0 
1600_con  99.9 31 83 15651.96 80.0 0 0 86.7 0 0 
1600_con  99.9 25 72 14788.32 86.7 0 0 86.7 0 0 
800_con  99.9 29 73 16023.32 73.3 0 0 73.3 0 0 
800_con  99.9 28 81 13900.40 80.0 0 0 73.3 0 0 
800_con  99.9 31 81 14996.00 80.0 0 0 80.0 0 0 
400_con  99.9 25 70 14214.22 68.8 0 0 66.7 0 0 
400_con  99.9 26 75 13353.88 66.7 0 0 66.7 0 0 
400_con  99.9 34 77 14111.74 66.7 0 0 73.3 0 0 
200_con  99.9 28 74 13623.37 66.7 0 0 80.0 0 0 
200_con  99.9 23 74 13463.36 62.5 0 0 68.8 0 0 
200_con  99.9 26 76 13076.50 66.7 0 0 66.7 0 0 
100_con  99.9 18 69 13875.65 80.0 0 0 80.0 0 0 
100_con  99.9 11 65 13118.85 80.0 0 0 66.7 0 0 
100_con  99.9 18 57 13037.35 66.7 0 0 66.7 0 0 
75_con  99.9 14 60 12342.02 66.7 0 0 66.7 0 0 
75_con  99.9 13 65 12690.00 60.0 0 0 66.7 0 0 
75_con  99.9 12 60 12856.13 66.7 0 0 68.8 0 0 
50_con  99.9 15 68 12920.74 66.7 0 0 66.7 0 0 
50_con  99.9 11 70 12544.43 66.7 0 0 73.3 0 0 
50_con  99.9 24 73 12328.90 66.7 0 0 73.3 0 0 
40_con  99.9 23 69 12265.10 60.0 0 0 60.0 0 0 
40_con  99.9 24 74 12238.49 66.7 0 0 60.0 0 0 
40_con  99.9 22 73 12583.55 73.3 0 0 62.5 0 0 
30_con  99.9 14 65 11640.52 60.0 0 0 60.0 0 0 
30_con  99.9 22 75 12099.38 73.3 0 0 73.3 0 0 
30_con  99.9 18 68 11727.04 60.0 0 0 60.0 0 0 
20_con  99.9 21 76 11438.91 73.3 0 0 60.0 0 0 
20_con  99.9 23 78 11673.02 73.3 0 0 73.3 0 0 
20_con  99.9 20 71 11319.68 66.7 0 0 60.0 0 0 
10_con  99.9 24 76 9427.57 66.7 0 0 60.0 0 0 
10_con  99.9 21 81 10234.93 66.7 0 0 73.3 0 0 
10_con  99.9 20 74 10009.95 66.7 0 0 66.7 0 0 
